datetime,latitude,longitude
2019-10-10 03:31:11,85.12775,133.21672
2019-10-10 04:00:14,85.1284,133.19257
2019-10-10 04:30:14,85.12897,133.17087
2019-10-10 05:00:14,85.12926,133.15256
2019-10-10 05:30:14,85.12949,133.13443
2019-10-10 06:00:15,85.12967,133.11778
2019-10-10 06:30:14,85.12972,133.10522
2019-10-10 07:00:14,85.12948,133.09505
2019-10-10 07:30:14,85.12912,133.08394
2019-10-10 08:00:14,85.1286,133.07219
2019-10-10 08:30:14,85.12803,133.05939
2019-10-10 09:00:14,85.12741,133.04688
2019-10-10 09:30:14,85.12666,133.03436
2019-10-10 10:00:14,85.12579,133.02165
2019-10-10 10:30:15,85.12495,133.00841
2019-10-10 11:00:14,85.12418,132.9953
2019-10-10 11:30:14,85.12338,132.98239
2019-10-10 12:00:14,85.12265,132.96997
2019-10-10 12:30:14,85.12197,132.95869
2019-10-10 13:00:14,85.12133,132.94855
2019-10-10 13:30:14,85.12079,132.94049
2019-10-10 14:00:14,85.12028,132.93428
2019-10-10 14:30:14,85.11983,132.93047
2019-10-10 15:00:15,85.1194,132.92906
2019-10-10 15:30:14,85.11906,132.92978
2019-10-10 16:00:14,85.11874,132.93266
2019-10-10 16:30:14,85.11842,132.9388
2019-10-10 17:00:14,85.11806,132.94843
2019-10-10 17:30:14,85.11769,132.96121
2019-10-10 18:00:14,85.11712,132.97736
2019-10-10 18:30:14,85.11644,132.99519
2019-10-10 19:00:15,85.11569,133.01462
2019-10-10 19:30:14,85.11468,133.03542
2019-10-10 20:00:14,85.11349,133.05721
2019-10-10 20:30:14,85.11214,133.07945
2019-10-10 21:00:14,85.11048,133.1031
2019-10-10 21:30:14,85.10864,133.12599
2019-10-10 22:00:14,85.10647,133.14832
2019-10-10 22:30:14,85.10408,133.16879
2019-10-10 23:00:15,85.10162,133.1866
2019-10-10 23:30:14,85.09917,133.2025
2019-10-11 00:00:14,85.09661,133.21634
2019-10-11 00:30:14,85.09408,133.22868
2019-10-11 01:00:14,85.09165,133.23982
2019-10-11 01:30:14,85.08945,133.24944
2019-10-11 02:00:14,85.0874,133.25679
2019-10-11 02:30:14,85.08549,133.26224
2019-10-11 03:00:14,85.08369,133.26782
2019-10-11 03:30:15,85.08208,133.27498
2019-10-11 04:00:14,85.08065,133.28325
2019-10-11 04:30:14,85.07922,133.29213
2019-10-11 05:00:14,85.07783,133.30397
2019-10-11 05:30:14,85.07623,133.31956
2019-10-11 06:00:14,85.07451,133.3382
2019-10-11 06:30:14,85.07255,133.3588
2019-10-11 07:00:14,85.0702,133.37877
2019-10-11 07:30:15,85.06765,133.39616
2019-10-11 08:00:14,85.06515,133.41023
2019-10-11 08:30:14,85.06268,133.42133
2019-10-11 09:00:14,85.06032,133.4301
2019-10-11 09:30:14,85.05801,133.43654
2019-10-11 10:00:14,85.05582,133.44101
2019-10-11 10:30:14,85.05377,133.44391
2019-10-11 11:00:14,85.05186,133.44586
2019-10-11 11:30:15,85.05012,133.44711
2019-10-11 12:00:14,85.04853,133.44809
2019-10-11 12:30:14,85.04713,133.44971
2019-10-11 13:00:14,85.04592,133.45271
2019-10-11 13:30:14,85.04484,133.45737
2019-10-11 14:00:14,85.04391,133.4637
2019-10-11 14:30:14,85.04312,133.47235
2019-10-11 15:00:14,85.04243,133.48264
2019-10-11 15:30:15,85.04195,133.49286
2019-10-11 16:00:14,85.04159,133.5047
2019-10-11 16:30:14,85.04125,133.51906
2019-10-11 17:00:14,85.04088,133.53555
2019-10-11 17:30:14,85.04038,133.55273
2019-10-11 18:00:14,85.03983,133.56934
2019-10-11 18:30:14,85.03918,133.58537
2019-10-11 19:00:14,85.03856,133.59917
2019-10-11 19:30:15,85.03792,133.61075
2019-10-11 20:00:14,85.03732,133.62071
2019-10-11 20:30:14,85.03677,133.62927
2019-10-11 21:00:14,85.03633,133.6357
2019-10-11 21:30:14,85.03604,133.63933
2019-10-11 22:00:14,85.03593,133.6402
2019-10-11 22:30:14,85.03608,133.63919
2019-10-11 23:00:14,85.03653,133.63618
2019-10-11 23:30:15,85.03729,133.63177
2019-10-12 00:00:14,85.03838,133.62637
2019-10-12 00:30:14,85.03984,133.62123
2019-10-12 01:00:14,85.04159,133.61674
2019-10-12 01:30:14,85.04339,133.61357
2019-10-12 02:00:14,85.04537,133.61185
2019-10-12 02:30:14,85.0474,133.61081
2019-10-12 03:00:14,85.04933,133.61058
2019-10-12 03:30:15,85.0512,133.61046
2019-10-12 04:00:14,85.05312,133.61005
2019-10-12 04:30:14,85.05495,133.60965
2019-10-12 05:00:14,85.0565,133.60922
2019-10-12 05:30:14,85.05798,133.60793
2019-10-12 06:00:14,85.05924,133.60518
2019-10-12 06:30:14,85.06035,133.60118
2019-10-12 07:00:14,85.06133,133.5961
2019-10-12 07:30:14,85.06215,133.58888
2019-10-12 08:00:15,85.06271,133.58032
2019-10-12 08:30:14,85.06317,133.56911
2019-10-12 09:00:14,85.06355,133.55525
2019-10-12 09:30:14,85.06387,133.53882
2019-10-12 10:00:14,85.06419,133.51956
2019-10-12 10:30:14,85.06453,133.49757
2019-10-12 11:00:14,85.0649,133.47345
2019-10-12 11:30:14,85.06532,133.44743
2019-10-12 12:00:15,85.06579,133.42023
2019-10-12 12:30:14,85.06632,133.3929
2019-10-12 13:00:14,85.06695,133.36613
2019-10-12 13:30:14,85.06765,133.3405
2019-10-12 14:00:14,85.06843,133.31683
2019-10-12 14:30:14,85.06918,133.29631
2019-10-12 15:00:14,85.06991,133.27879
2019-10-12 15:30:14,85.07057,133.26306
2019-10-12 16:00:15,85.07112,133.24916
2019-10-12 16:30:14,85.07156,133.23659
2019-10-12 17:00:14,85.07185,133.22516
2019-10-12 17:30:14,85.07198,133.21445
2019-10-12 18:00:14,85.07192,133.20384
2019-10-12 18:30:14,85.07171,133.19283
2019-10-12 19:00:14,85.07133,133.18066
2019-10-12 19:30:14,85.07087,133.16679
2019-10-12 20:00:15,85.07036,133.15005
2019-10-12 20:30:14,85.06985,133.13022
2019-10-12 21:00:14,85.06939,133.10739
2019-10-12 21:30:14,85.06889,133.08211
2019-10-12 22:00:14,85.0685,133.0551
2019-10-12 22:30:14,85.06812,133.02707
2019-10-12 23:00:14,85.06777,132.99872
2019-10-12 23:30:14,85.06748,132.97002
2019-10-13 00:00:15,85.06727,132.94226
2019-10-13 00:30:14,85.06716,132.91571
2019-10-13 01:00:14,85.06716,132.89005
2019-10-13 01:30:14,85.06711,132.8658
2019-10-13 02:00:14,85.06697,132.84337
2019-10-13 02:30:14,85.06686,132.82314
2019-10-13 03:00:14,85.06665,132.80492
2019-10-13 03:30:14,85.06635,132.78862
2019-10-13 04:00:15,85.06597,132.77403
2019-10-13 04:30:14,85.06548,132.76051
2019-10-13 05:00:14,85.06487,132.74785
2019-10-13 05:30:14,85.06417,132.73584
2019-10-13 06:00:14,85.06336,132.72369
2019-10-13 06:30:14,85.06251,132.71143
2019-10-13 07:00:14,85.06162,132.69859
2019-10-13 07:30:15,85.06064,132.6852
2019-10-13 08:00:14,85.05962,132.67143
2019-10-13 08:30:14,85.05855,132.65721
2019-10-13 09:00:14,85.05743,132.64264
2019-10-13 09:30:14,85.05632,132.62764
2019-10-13 10:00:14,85.05518,132.61275
2019-10-13 10:30:14,85.05411,132.59892
2019-10-13 11:00:15,85.05292,132.58673
2019-10-13 11:30:14,85.05176,132.57587
2019-10-13 12:00:14,85.05058,132.56665
2019-10-13 12:30:14,85.04939,132.55881
2019-10-13 13:00:14,85.04824,132.55254
2019-10-13 13:30:14,85.04688,132.54832
2019-10-13 14:00:14,85.0454,132.54675
2019-10-13 14:30:15,85.04393,132.54791
2019-10-13 15:00:14,85.04239,132.55104
2019-10-13 15:30:14,85.04068,132.55518
2019-10-13 16:00:14,85.03886,132.55989
2019-10-13 16:30:14,85.0368,132.56424
2019-10-13 17:00:14,85.03449,132.5661
2019-10-13 17:30:14,85.03194,132.56462
2019-10-13 18:00:15,85.02921,132.55795
2019-10-13 18:30:14,85.02647,132.54895
2019-10-13 19:00:14,85.02368,132.5377
2019-10-13 19:30:14,85.02116,132.52435
2019-10-13 20:00:14,85.01868,132.50829
2019-10-13 20:30:14,85.01601,132.48674
2019-10-13 21:00:14,85.01334,132.46266
2019-10-13 21:30:15,85.0107,132.43643
2019-10-13 22:00:14,85.00817,132.41
2019-10-13 22:30:14,85.00569,132.38313
2019-10-13 23:00:14,85.0034,132.35635
2019-10-13 23:30:14,85.00134,132.32973
2019-10-14 00:00:14,84.99932,132.30447
2019-10-14 00:30:14,84.99744,132.28232
2019-10-14 01:00:14,84.99557,132.26271
2019-10-14 01:30:15,84.99365,132.24376
2019-10-14 02:00:14,84.99188,132.22574
2019-10-14 02:30:14,84.99017,132.20937
2019-10-14 03:00:14,84.98856,132.1946
2019-10-14 03:30:14,84.98698,132.18155
2019-10-14 04:00:14,84.98548,132.1702
2019-10-14 04:30:14,84.98397,132.15996
2019-10-14 05:00:14,84.98247,132.1506
2019-10-14 05:30:15,84.981,132.14227
2019-10-14 06:00:14,84.97949,132.13518
2019-10-14 06:30:14,84.97797,132.12935
2019-10-14 07:00:14,84.97639,132.12375
2019-10-14 07:30:14,84.97471,132.1179
2019-10-14 08:00:14,84.97291,132.11223
2019-10-14 08:30:14,84.97112,132.10538
2019-10-14 09:00:14,84.96941,132.09666
2019-10-14 09:30:15,84.96777,132.08659
2019-10-14 10:00:14,84.96626,132.07516
2019-10-14 10:30:14,84.96489,132.06276
2019-10-14 11:00:14,84.96369,132.04973
2019-10-14 11:30:14,84.96267,132.03644
2019-10-14 12:00:14,84.96178,132.02316
2019-10-14 12:30:14,84.96107,132.01048
2019-10-14 13:00:14,84.96048,131.99876
2019-10-14 13:30:15,84.96001,131.98851
2019-10-14 14:00:14,84.95964,131.98032
2019-10-14 14:30:14,84.95936,131.97461
2019-10-14 15:00:14,84.95913,131.97136
2019-10-14 15:30:14,84.95892,131.97092
2019-10-14 16:00:14,84.95872,131.9725
2019-10-14 16:30:14,84.9585,131.97647
2019-10-14 17:00:15,84.95828,131.98218
2019-10-14 17:30:14,84.95802,131.98909
2019-10-14 18:00:14,84.95766,131.99728
2019-10-14 18:30:14,84.95725,132.00574
2019-10-14 19:00:14,84.95681,132.01375
2019-10-14 19:30:14,84.95633,132.02071
2019-10-14 20:00:14,84.95583,132.02597
2019-10-14 20:30:15,84.95532,132.02936
2019-10-14 21:00:14,84.95486,132.0307
2019-10-14 21:30:14,84.95448,132.02989
2019-10-14 22:00:14,84.95416,132.02689
2019-10-14 22:30:14,84.95396,132.02202
2019-10-14 23:00:14,84.9539,132.01566
2019-10-14 23:30:14,84.95396,132.00848
2019-10-15 00:00:15,84.95413,132.00072
2019-10-15 00:30:14,84.95445,131.99289
2019-10-15 01:00:14,84.95488,131.98563
2019-10-15 01:30:14,84.9554,131.97913
2019-10-15 02:00:14,84.956,131.97388
2019-10-15 02:30:14,84.95665,131.97
2019-10-15 03:00:14,84.95731,131.96771
2019-10-15 03:30:15,84.95798,131.96719
2019-10-15 04:00:14,84.95861,131.96797
2019-10-15 04:30:14,84.95916,131.97006
2019-10-15 05:00:14,84.95966,131.97264
2019-10-15 05:30:14,84.96,131.97557
2019-10-15 06:00:14,84.96024,131.97803
2019-10-15 06:30:14,84.96039,131.98039
2019-10-15 07:00:15,84.96041,131.98158
2019-10-15 07:30:14,84.96034,131.98114
2019-10-15 08:00:14,84.96024,131.97913
2019-10-15 08:30:14,84.96008,131.97513
2019-10-15 09:00:14,84.95993,131.96912
2019-10-15 09:30:14,84.95976,131.96123
2019-10-15 10:00:15,84.95966,131.95145
2019-10-15 10:30:14,84.95959,131.94017
2019-10-15 11:00:14,84.95961,131.92764
2019-10-15 11:30:14,84.95975,131.91415
2019-10-15 12:00:14,84.95998,131.90024
2019-10-15 12:30:14,84.9603,131.88646
2019-10-15 13:00:14,84.96072,131.87325
2019-10-15 13:30:15,84.9612,131.86099
2019-10-15 14:00:14,84.96173,131.85001
2019-10-15 14:30:14,84.9623,131.84061
2019-10-15 15:00:14,84.96283,131.83249
2019-10-15 15:30:14,84.96333,131.82623
2019-10-15 16:00:14,84.96375,131.82138
2019-10-15 16:30:14,84.96408,131.81761
2019-10-15 17:00:15,84.96439,131.81424
2019-10-15 17:30:14,84.9646,131.81049
2019-10-15 18:00:14,84.96458,131.80614
2019-10-15 18:30:14,84.96442,131.79958
2019-10-15 19:00:14,84.96424,131.78908
2019-10-15 19:30:14,84.96387,131.77779
2019-10-15 20:00:14,84.96352,131.76515
2019-10-15 20:30:15,84.96319,131.75037
2019-10-15 21:00:14,84.96283,131.73224
2019-10-15 21:30:14,84.96237,131.71303
2019-10-15 22:00:14,84.96214,131.69199
2019-10-15 22:30:14,84.96192,131.67027
2019-10-15 23:00:14,84.96172,131.6456
2019-10-15 23:30:14,84.96166,131.6201
2019-10-16 00:00:15,84.9618,131.5945
2019-10-16 00:30:14,84.96198,131.56929
2019-10-16 01:00:14,84.96232,131.54466
2019-10-16 01:30:14,84.96276,131.52145
2019-10-16 02:00:14,84.96325,131.49881
2019-10-16 02:30:14,84.96373,131.47809
2019-10-16 03:00:14,84.96421,131.46033
2019-10-16 03:30:15,84.9646,131.44487
2019-10-16 04:00:14,84.96483,131.43089
2019-10-16 04:30:14,84.965,131.41829
2019-10-16 05:00:14,84.96512,131.40811
2019-10-16 05:30:14,84.96499,131.39899
2019-10-16 06:00:14,84.96467,131.39009
2019-10-16 06:30:14,84.96417,131.38045
2019-10-16 07:00:14,84.96352,131.37025
2019-10-16 07:30:15,84.96284,131.35803
2019-10-16 08:00:14,84.96212,131.34381
2019-10-16 08:30:14,84.96143,131.32759
2019-10-16 09:00:14,84.96082,131.30994
2019-10-16 09:30:14,84.96032,131.29034
2019-10-16 10:00:14,84.9598,131.26962
2019-10-16 10:30:14,84.95941,131.24695
2019-10-16 11:00:14,84.95916,131.22404
2019-10-16 11:30:15,84.95909,131.20027
2019-10-16 12:00:14,84.95916,131.1765
2019-10-16 12:30:14,84.95928,131.15279
2019-10-16 13:00:14,84.95945,131.13107
2019-10-16 13:30:14,84.95971,131.11174
2019-10-16 14:00:14,84.96005,131.09349
2019-10-16 14:30:14,84.96055,131.07655
2019-10-16 15:00:14,84.96119,131.06075
2019-10-16 15:30:15,84.96173,131.04727
2019-10-16 16:00:14,84.96209,131.03682
2019-10-16 16:30:14,84.9624,131.02812
2019-10-16 17:00:14,84.96253,131.02136
2019-10-16 17:30:14,84.96264,131.01454
2019-10-16 18:00:14,84.96248,131.00876
2019-10-16 18:30:14,84.96224,131.0025
2019-10-16 19:00:14,84.96187,130.99606
2019-10-16 19:30:15,84.96136,130.98907
2019-10-16 20:00:14,84.96077,130.98068
2019-10-16 20:30:14,84.96016,130.97041
2019-10-16 21:00:14,84.95953,130.95831
2019-10-16 21:30:14,84.95893,130.9444
2019-10-16 22:00:14,84.95841,130.92841
2019-10-16 22:30:14,84.95796,130.91055
2019-10-16 23:00:14,84.95759,130.89062
2019-10-16 23:30:15,84.95715,130.87117
2019-10-17 00:00:14,84.95688,130.84961
2019-10-17 00:30:14,84.95676,130.8284
2019-10-17 01:00:14,84.95667,130.80817
2019-10-17 01:30:14,84.95665,130.78972
2019-10-17 02:00:14,84.95665,130.77295
2019-10-17 02:30:14,84.95679,130.75777
2019-10-17 03:00:14,84.95692,130.7453
2019-10-17 03:30:15,84.95721,130.73505
2019-10-17 04:00:14,84.95754,130.72595
2019-10-17 04:30:14,84.95784,130.71971
2019-10-17 05:00:14,84.95804,130.71669
2019-10-17 05:30:14,84.95816,130.71611
2019-10-17 06:00:14,84.95818,130.7168
2019-10-17 06:30:14,84.95809,130.71831
2019-10-17 07:00:14,84.95795,130.72002
2019-10-17 07:30:15,84.95764,130.72145
2019-10-17 08:00:14,84.95725,130.72261
2019-10-17 08:30:14,84.95684,130.7224
2019-10-17 09:00:14,84.95638,130.72137
2019-10-17 09:30:14,84.95592,130.71944
2019-10-17 10:00:14,84.95547,130.71582
2019-10-17 10:30:15,84.95508,130.71162
2019-10-17 11:00:14,84.95481,130.70685
2019-10-17 11:30:14,84.95467,130.70273
2019-10-17 12:00:14,84.95458,130.69807
2019-10-17 12:30:14,84.95464,130.69446
2019-10-17 13:00:14,84.9548,130.69199
2019-10-17 13:30:15,84.95508,130.69115
2019-10-17 14:00:14,84.95548,130.69257
2019-10-17 14:30:14,84.956,130.69612
2019-10-17 15:00:14,84.95667,130.7016
2019-10-17 15:30:14,84.95738,130.70982
2019-10-17 16:00:14,84.9582,130.7207
2019-10-17 16:30:15,84.95912,130.73402
2019-10-17 17:00:14,84.96004,130.74927
2019-10-17 17:30:14,84.96096,130.76556
2019-10-17 18:00:14,84.96178,130.78238
2019-10-17 18:30:14,84.96259,130.79848
2019-10-17 19:00:14,84.96329,130.81332
2019-10-17 19:30:14,84.96389,130.82655
2019-10-17 20:00:15,84.96446,130.83798
2019-10-17 20:30:14,84.9651,130.84737
2019-10-17 21:00:14,84.96576,130.85487
2019-10-17 21:30:14,84.96653,130.86014
2019-10-17 22:00:14,84.96742,130.86351
2019-10-17 22:30:14,84.96849,130.86484
2019-10-17 23:00:15,84.96977,130.86488
2019-10-17 23:30:14,84.97131,130.86406
2019-10-18 00:00:14,84.97307,130.86311
2019-10-18 00:30:14,84.97512,130.86223
2019-10-18 01:00:14,84.97739,130.86194
2019-10-18 01:30:14,84.97985,130.86279
2019-10-18 02:00:15,84.98245,130.86522
2019-10-18 02:30:14,84.98523,130.86961
2019-10-18 03:00:14,84.98811,130.87512
2019-10-18 03:30:14,84.99099,130.88205
2019-10-18 04:00:14,84.99385,130.89038
2019-10-18 04:30:14,84.99661,130.90001
2019-10-18 05:00:15,84.99925,130.91026
2019-10-18 05:30:14,85.00179,130.92052
2019-10-18 06:00:14,85.0043,130.93185
2019-10-18 06:30:14,85.00677,130.94344
2019-10-18 07:00:14,85.00909,130.95409
2019-10-18 07:30:14,85.01133,130.96298
2019-10-18 08:00:15,85.0135,130.96872
2019-10-18 08:30:14,85.01569,130.97348
2019-10-18 09:00:14,85.01787,130.97623
2019-10-18 09:30:14,85.0201,130.97757
2019-10-18 10:00:14,85.02242,130.97726
2019-10-18 10:30:14,85.02486,130.97586
2019-10-18 11:00:15,85.0275,130.97279
2019-10-18 11:30:14,85.03036,130.96844
2019-10-18 12:00:14,85.03348,130.96434
2019-10-18 12:30:14,85.03674,130.9599
2019-10-18 13:00:14,85.04018,130.95667
2019-10-18 13:30:14,85.04379,130.9548
2019-10-18 14:00:15,85.04749,130.95506
2019-10-18 14:30:14,85.05133,130.95686
2019-10-18 15:00:14,85.05523,130.96028
2019-10-18 15:30:14,85.05901,130.96638
2019-10-18 16:00:14,85.06274,130.97432
2019-10-18 16:30:14,85.06632,130.98347
2019-10-18 17:00:15,85.06975,130.99382
2019-10-18 17:30:14,85.07298,131.00539
2019-10-18 18:00:14,85.07604,131.01732
2019-10-18 18:30:14,85.0789,131.0289
2019-10-18 19:00:14,85.08157,131.03963
2019-10-18 19:30:14,85.08409,131.04926
2019-10-18 20:00:15,85.08656,131.05676
2019-10-18 20:30:14,85.08901,131.06232
2019-10-18 21:00:14,85.09144,131.06628
2019-10-18 21:30:14,85.09393,131.06845
2019-10-18 22:00:14,85.09653,131.06853
2019-10-18 22:30:14,85.09934,131.06538
2019-10-18 23:00:15,85.1023,131.06071
2019-10-18 23:30:14,85.10544,131.05638
2019-10-19 00:00:14,85.10875,131.05095
2019-10-19 00:30:14,85.11212,131.04556
2019-10-19 01:00:14,85.11553,131.04086
2019-10-19 01:30:14,85.11897,131.03703
2019-10-19 02:00:15,85.12244,131.03363
2019-10-19 02:30:14,85.12582,131.0321
2019-10-19 03:00:14,85.1291,131.03244
2019-10-19 03:30:14,85.13237,131.03519
2019-10-19 04:00:14,85.13548,131.0415
2019-10-19 04:30:14,85.1384,131.04887
2019-10-19 05:00:15,85.14101,131.05547
2019-10-19 05:30:14,85.14328,131.06087
2019-10-19 06:00:14,85.14523,131.06543
2019-10-19 06:30:14,85.14688,131.06636
2019-10-19 07:00:14,85.14825,131.06525
2019-10-19 07:30:14,85.14954,131.06134
2019-10-19 08:00:15,85.15068,131.05356
2019-10-19 08:30:14,85.15179,131.0433
2019-10-19 09:00:14,85.15302,131.03119
2019-10-19 09:30:14,85.15437,131.0173
2019-10-19 10:00:14,85.15591,131.00233
2019-10-19 10:30:14,85.15759,130.98689
2019-10-19 11:00:15,85.15944,130.97078
2019-10-19 11:30:14,85.16145,130.95438
2019-10-19 12:00:14,85.16361,130.93799
2019-10-19 12:30:14,85.16586,130.92165
2019-10-19 13:00:14,85.16823,130.90562
2019-10-19 13:30:14,85.1706,130.88968
2019-10-19 14:00:15,85.17294,130.87469
2019-10-19 14:30:14,85.17522,130.86055
2019-10-19 15:00:14,85.17749,130.84758
2019-10-19 15:30:14,85.17952,130.83638
2019-10-19 16:00:14,85.1815,130.82547
2019-10-19 16:30:14,85.18332,130.81404
2019-10-19 17:00:15,85.18494,130.80327
2019-10-19 17:30:14,85.18633,130.79175
2019-10-19 18:00:14,85.18752,130.77933
2019-10-19 18:30:14,85.18851,130.76582
2019-10-19 19:00:14,85.18932,130.7515
2019-10-19 19:30:14,85.19,130.73628
2019-10-19 20:00:15,85.19054,130.72012
2019-10-19 20:30:14,85.19101,130.70393
2019-10-19 21:00:14,85.19149,130.68729
2019-10-19 21:30:14,85.19195,130.67079
2019-10-19 22:00:14,85.19245,130.65425
2019-10-19 22:30:14,85.19302,130.63797
2019-10-19 23:00:15,85.1937,130.62096
2019-10-19 23:30:14,85.19453,130.60437
2019-10-20 00:00:14,85.1955,130.58807
2019-10-20 00:30:14,85.1966,130.57222
2019-10-20 01:00:14,85.19778,130.55743
2019-10-20 01:30:14,85.19904,130.54387
2019-10-20 02:00:15,85.20037,130.53165
2019-10-20 02:30:14,85.20174,130.52078
2019-10-20 03:00:14,85.20311,130.51135
2019-10-20 03:30:14,85.20443,130.50311
2019-10-20 04:00:14,85.20573,130.49631
2019-10-20 04:30:14,85.20695,130.49057
2019-10-20 05:00:15,85.20807,130.4857
2019-10-20 05:30:14,85.20908,130.4812
2019-10-20 06:00:14,85.21001,130.47678
2019-10-20 06:30:14,85.21085,130.47227
2019-10-20 07:00:14,85.21164,130.46719
2019-10-20 07:30:14,85.21239,130.46127
2019-10-20 08:00:15,85.2131,130.45441
2019-10-20 08:30:14,85.21381,130.44617
2019-10-20 09:00:14,85.21455,130.43703
2019-10-20 09:30:14,85.21539,130.42719
2019-10-20 10:00:14,85.21635,130.41693
2019-10-20 10:30:14,85.21741,130.40654
2019-10-20 11:00:15,85.21861,130.39569
2019-10-20 11:30:14,85.21993,130.38472
2019-10-20 12:00:14,85.22145,130.37384
2019-10-20 12:30:14,85.22311,130.36336
2019-10-20 13:00:14,85.22492,130.35347
2019-10-20 13:30:14,85.22685,130.3452
2019-10-20 14:00:15,85.22897,130.33902
2019-10-20 14:30:14,85.23117,130.33473
2019-10-20 15:00:14,85.23347,130.33237
2019-10-20 15:30:14,85.23581,130.33238
2019-10-20 16:00:14,85.23819,130.33511
2019-10-20 16:30:14,85.24055,130.34102
2019-10-20 17:00:15,85.24292,130.34979
2019-10-20 17:30:14,85.24525,130.36238
2019-10-20 18:00:14,85.24749,130.37657
2019-10-20 18:30:14,85.24964,130.39131
2019-10-20 19:00:14,85.25177,130.40697
2019-10-20 19:30:14,85.25388,130.42258
2019-10-20 20:00:15,85.25567,130.4359
2019-10-20 20:30:14,85.2571,130.44617
2019-10-20 21:00:14,85.25854,130.45325
2019-10-20 21:30:14,85.26013,130.45578
2019-10-20 22:00:14,85.26195,130.45374
2019-10-20 22:30:14,85.26402,130.44844
2019-10-20 23:00:15,85.26639,130.44061
2019-10-20 23:30:14,85.26915,130.4308
2019-10-21 00:00:14,85.27235,130.42107
2019-10-21 00:30:14,85.2757,130.41101
2019-10-21 01:00:14,85.27921,130.40182
2019-10-21 01:30:14,85.28289,130.39307
2019-10-21 02:00:15,85.28674,130.38506
2019-10-21 02:30:14,85.29061,130.37839
2019-10-21 03:00:14,85.29446,130.37259
2019-10-21 03:30:14,85.29831,130.36823
2019-10-21 04:00:14,85.30208,130.36449
2019-10-21 04:30:14,85.30576,130.36128
2019-10-21 05:00:15,85.3093,130.35793
2019-10-21 05:30:14,85.31267,130.3539
2019-10-21 06:00:14,85.31584,130.34958
2019-10-21 06:30:14,85.31868,130.34341
2019-10-21 07:00:14,85.32114,130.33533
2019-10-21 07:30:14,85.32344,130.32454
2019-10-21 08:00:15,85.32565,130.31046
2019-10-21 08:30:14,85.32783,130.29306
2019-10-21 09:00:14,85.33009,130.27281
2019-10-21 09:30:14,85.3325,130.25021
2019-10-21 10:00:14,85.33509,130.22493
2019-10-21 10:30:14,85.33788,130.19774
2019-10-21 11:00:15,85.34087,130.1689
2019-10-21 11:30:14,85.34402,130.13933
2019-10-21 12:00:14,85.34736,130.10941
2019-10-21 12:30:14,85.35078,130.0793
2019-10-21 13:00:14,85.35433,130.04959
2019-10-21 13:30:14,85.35796,130.02095
2019-10-21 14:00:15,85.36163,129.99329
2019-10-21 14:30:14,85.36525,129.96643
2019-10-21 15:00:14,85.36881,129.94072
2019-10-21 15:30:14,85.37229,129.916
2019-10-21 16:00:14,85.37566,129.89217
2019-10-21 16:30:14,85.37881,129.86896
2019-10-21 17:00:15,85.38181,129.84578
2019-10-21 17:30:14,85.38468,129.82262
2019-10-21 18:00:14,85.38738,129.7991
2019-10-21 18:30:14,85.38995,129.77534
2019-10-21 19:00:14,85.3924,129.75087
2019-10-21 19:30:14,85.39478,129.72499
2019-10-21 20:00:15,85.39722,129.69749
2019-10-21 20:30:14,85.3997,129.66844
2019-10-21 21:00:14,85.40223,129.63754
2019-10-21 21:30:14,85.40492,129.60486
2019-10-21 22:00:14,85.40768,129.57109
2019-10-21 22:30:14,85.41064,129.53607
2019-10-21 23:00:15,85.41379,129.50026
2019-10-21 23:30:14,85.41718,129.46443
2019-10-22 00:00:14,85.42078,129.42883
2019-10-22 00:30:14,85.42447,129.39394
2019-10-22 01:00:14,85.42818,129.35968
2019-10-22 01:30:14,85.43196,129.32619
2019-10-22 02:00:15,85.43578,129.29353
2019-10-22 02:30:14,85.43963,129.26207
2019-10-22 03:00:14,85.44345,129.23172
2019-10-22 03:30:14,85.44719,129.20201
2019-10-22 04:00:14,85.4508,129.1731
2019-10-22 04:30:14,85.45431,129.14499
2019-10-22 05:00:15,85.45753,129.11639
2019-10-22 05:30:14,85.46061,129.08762
2019-10-22 06:00:14,85.46356,129.05754
2019-10-22 06:30:14,85.46637,129.02678
2019-10-22 07:00:14,85.46908,128.99461
2019-10-22 07:30:14,85.47163,128.96091
2019-10-22 08:00:14,85.47398,128.92522
2019-10-22 08:30:15,85.47619,128.88766
2019-10-22 09:00:14,85.47833,128.84903
2019-10-22 09:30:14,85.48042,128.80997
2019-10-22 10:00:14,85.48244,128.77069
2019-10-22 10:30:14,85.48445,128.73085
2019-10-22 11:00:14,85.4865,128.69083
2019-10-22 11:30:15,85.48852,128.65022
2019-10-22 12:00:14,85.49049,128.60982
2019-10-22 12:30:14,85.49248,128.57033
2019-10-22 13:00:14,85.49449,128.53159
2019-10-22 13:30:14,85.49641,128.49361
2019-10-22 14:00:14,85.49838,128.45598
2019-10-22 14:30:15,85.50034,128.41866
2019-10-22 15:00:14,85.50212,128.38313
2019-10-22 15:30:14,85.50384,128.34866
2019-10-22 16:00:14,85.50558,128.31461
2019-10-22 16:30:14,85.50731,128.28136
2019-10-22 17:00:14,85.50899,128.24936
2019-10-22 17:30:14,85.51057,128.21864
2019-10-22 18:00:15,85.51215,128.1893
2019-10-22 18:30:14,85.51363,128.16106
2019-10-22 19:00:14,85.51511,128.13327
2019-10-22 19:30:14,85.51653,128.10571
2019-10-22 20:00:14,85.51791,128.07823
2019-10-22 20:30:14,85.51926,128.04982
2019-10-22 21:00:15,85.52058,128.02065
2019-10-22 21:30:14,85.52195,127.99048
2019-10-22 22:00:14,85.52333,127.95945
2019-10-22 22:30:14,85.5248,127.92765
2019-10-22 23:00:14,85.52634,127.89558
2019-10-22 23:30:14,85.52795,127.86292
2019-10-23 00:00:15,85.5296,127.83022
2019-10-23 00:30:14,85.53127,127.79772
2019-10-23 01:00:14,85.53294,127.76595
2019-10-23 01:30:14,85.53458,127.735
2019-10-23 02:00:14,85.53622,127.7048
2019-10-23 02:30:14,85.53783,127.6758
2019-10-23 03:00:15,85.53938,127.64744
2019-10-23 03:30:14,85.54092,127.61897
2019-10-23 04:00:14,85.54234,127.5922
2019-10-23 04:30:14,85.54361,127.56632
2019-10-23 05:00:14,85.54478,127.54061
2019-10-23 05:30:14,85.54581,127.5154
2019-10-23 06:00:15,85.54675,127.49094
2019-10-23 06:30:14,85.54755,127.46624
2019-10-23 07:00:14,85.54831,127.44109
2019-10-23 07:30:14,85.54901,127.41593
2019-10-23 08:00:14,85.54965,127.39046
2019-10-23 08:30:14,85.55028,127.36433
2019-10-23 09:00:15,85.55088,127.33788
2019-10-23 09:30:14,85.55149,127.31107
2019-10-23 10:00:14,85.55213,127.28474
2019-10-23 10:30:14,85.55279,127.25885
2019-10-23 11:00:14,85.55344,127.23309
2019-10-23 11:30:14,85.55411,127.20781
2019-10-23 12:00:15,85.55479,127.18487
2019-10-23 12:30:14,85.55552,127.16486
2019-10-23 13:00:14,85.55634,127.14603
2019-10-23 13:30:14,85.55721,127.12746
2019-10-23 14:00:14,85.55814,127.10932
2019-10-23 14:30:14,85.55905,127.09121
2019-10-23 15:00:15,85.55996,127.07325
2019-10-23 15:30:14,85.56083,127.05479
2019-10-23 16:00:14,85.56167,127.03692
2019-10-23 16:30:14,85.56247,127.01849
2019-10-23 17:00:14,85.56321,127.00008
2019-10-23 17:30:14,85.56392,126.98148
2019-10-23 18:00:15,85.56453,126.96278
2019-10-23 18:30:14,85.56515,126.94439
2019-10-23 19:00:14,85.5657,126.9256
2019-10-23 19:30:14,85.5662,126.90673
2019-10-23 20:00:14,85.56675,126.88789
2019-10-23 20:30:14,85.56733,126.86835
2019-10-23 21:00:15,85.56799,126.84848
2019-10-23 21:30:14,85.5687,126.82774
2019-10-23 22:00:14,85.56948,126.80692
2019-10-23 22:30:14,85.57028,126.78547
2019-10-23 23:00:14,85.57117,126.7635
2019-10-23 23:30:14,85.57217,126.74103
2019-10-24 00:00:15,85.57328,126.7182
2019-10-24 00:30:14,85.57444,126.6955
2019-10-24 01:00:14,85.57573,126.67292
2019-10-24 01:30:14,85.57716,126.6502
2019-10-24 02:00:14,85.57869,126.62849
2019-10-24 02:30:14,85.58025,126.60725
2019-10-24 03:00:15,85.58192,126.58703
2019-10-24 03:30:14,85.58357,126.56797
2019-10-24 04:00:14,85.5852,126.54944
2019-10-24 04:30:14,85.58678,126.53114
2019-10-24 05:00:14,85.5882,126.5127
2019-10-24 05:30:14,85.58951,126.49324
2019-10-24 06:00:15,85.59084,126.47305
2019-10-24 06:30:14,85.59211,126.45242
2019-10-24 07:00:14,85.59329,126.43102
2019-10-24 07:30:14,85.59435,126.40813
2019-10-24 08:00:14,85.5954,126.38377
2019-10-24 08:30:14,85.5965,126.35893
2019-10-24 09:00:15,85.59752,126.33318
2019-10-24 09:30:14,85.59852,126.3073
2019-10-24 10:00:14,85.59956,126.28
2019-10-24 10:30:14,85.60064,126.25127
2019-10-24 11:00:14,85.60171,126.22176
2019-10-24 11:30:14,85.60283,126.19157
2019-10-24 12:00:15,85.60405,126.16056
2019-10-24 12:30:14,85.60532,126.12905
2019-10-24 13:00:14,85.60658,126.09839
2019-10-24 13:30:14,85.60786,126.06731
2019-10-24 14:00:14,85.60936,126.03606
2019-10-24 14:30:14,85.61082,126.00488
2019-10-24 15:00:15,85.61234,125.97346
2019-10-24 15:30:14,85.6138,125.94353
2019-10-24 16:00:14,85.61517,125.91422
2019-10-24 16:30:14,85.6166,125.88563
2019-10-24 17:00:14,85.61808,125.85768
2019-10-24 17:30:14,85.61954,125.8298
2019-10-24 18:00:15,85.62086,125.80272
2019-10-24 18:30:14,85.62206,125.77586
2019-10-24 19:00:14,85.62313,125.74875
2019-10-24 19:30:14,85.62409,125.72136
2019-10-24 20:00:14,85.62492,125.69411
2019-10-24 20:30:14,85.62566,125.66712
2019-10-24 21:00:15,85.6263,125.63952
2019-10-24 21:30:14,85.62693,125.61171
2019-10-24 22:00:14,85.62759,125.58307
2019-10-24 22:30:14,85.62824,125.55466
2019-10-24 23:00:14,85.62894,125.52637
2019-10-24 23:30:14,85.62971,125.49807
2019-10-25 00:00:15,85.63046,125.47111
2019-10-25 00:30:14,85.63126,125.44456
2019-10-25 01:00:14,85.63203,125.41987
2019-10-25 01:30:14,85.63283,125.39633
2019-10-25 02:00:14,85.63364,125.37295
2019-10-25 02:30:14,85.63451,125.34993
2019-10-25 03:00:15,85.63532,125.3286
2019-10-25 03:30:14,85.63608,125.30917
2019-10-25 04:00:14,85.6368,125.29176
2019-10-25 04:30:14,85.63744,125.2764
2019-10-25 05:00:14,85.63799,125.26276
2019-10-25 05:30:15,85.63841,125.25084
2019-10-25 06:00:14,85.63877,125.23978
2019-10-25 06:30:14,85.63904,125.22892
2019-10-25 07:00:14,85.63924,125.21777
2019-10-25 07:30:14,85.63939,125.20568
2019-10-25 08:00:14,85.6395,125.19254
2019-10-25 08:30:15,85.6396,125.17845
2019-10-25 09:00:14,85.63968,125.16348
2019-10-25 09:30:14,85.63976,125.14813
2019-10-25 10:00:14,85.63987,125.13244
2019-10-25 10:30:14,85.63996,125.11644
2019-10-25 11:00:15,85.64004,125.10057
2019-10-25 11:30:14,85.64014,125.08473
2019-10-25 12:00:14,85.64028,125.06904
2019-10-25 12:30:14,85.64046,125.05363
2019-10-25 13:00:14,85.64069,125.03864
2019-10-25 13:30:15,85.641,125.02432
2019-10-25 14:00:14,85.64132,125.01064
2019-10-25 14:30:14,85.64165,124.9977
2019-10-25 15:00:14,85.64198,124.9862
2019-10-25 15:30:14,85.64235,124.97619
2019-10-25 16:00:15,85.64268,124.96728
2019-10-25 16:30:14,85.64298,124.95861
2019-10-25 17:00:14,85.64324,124.95032
2019-10-25 17:30:14,85.64342,124.9426
2019-10-25 18:00:14,85.64356,124.93541
2019-10-25 18:30:15,85.64362,124.92788
2019-10-25 19:00:14,85.64357,124.92078
2019-10-25 19:30:14,85.64349,124.91406
2019-10-25 20:00:14,85.64337,124.90656
2019-10-25 20:30:14,85.6432,124.89828
2019-10-25 21:00:14,85.64304,124.88885
2019-10-25 21:30:15,85.64291,124.87789
2019-10-25 22:00:14,85.64276,124.86616
2019-10-25 22:30:14,85.64265,124.85361
2019-10-25 23:00:14,85.6426,124.84092
2019-10-25 23:30:14,85.6426,124.8279
2019-10-26 00:00:15,85.64265,124.81492
2019-10-26 00:30:14,85.64276,124.80235
2019-10-26 01:00:14,85.64292,124.78984
2019-10-26 01:30:14,85.64316,124.77816
2019-10-26 02:00:14,85.64344,124.76755
2019-10-26 02:30:15,85.64376,124.75806
2019-10-26 03:00:14,85.6441,124.74968
2019-10-26 03:30:14,85.64445,124.7422
2019-10-26 04:00:14,85.64478,124.73564
2019-10-26 04:30:14,85.6451,124.72948
2019-10-26 05:00:15,85.6454,124.72334
2019-10-26 05:30:14,85.64565,124.71754
2019-10-26 06:00:14,85.64589,124.71182
2019-10-26 06:30:14,85.64606,124.70563
2019-10-26 07:00:14,85.64621,124.69894
2019-10-26 07:30:15,85.64636,124.69129
2019-10-26 08:00:14,85.64645,124.68304
2019-10-26 08:30:14,85.64655,124.67344
2019-10-26 09:00:14,85.64667,124.66267
2019-10-26 09:30:14,85.6468,124.65093
2019-10-26 10:00:14,85.64696,124.63864
2019-10-26 10:30:15,85.64715,124.6256
2019-10-26 11:00:14,85.6474,124.61188
2019-10-26 11:30:14,85.64769,124.59785
2019-10-26 12:00:14,85.64803,124.58379
2019-10-26 12:30:14,85.64847,124.56986
2019-10-26 13:00:15,85.64895,124.55634
2019-10-26 13:30:14,85.64948,124.54368
2019-10-26 14:00:14,85.65005,124.53164
2019-10-26 14:30:14,85.65067,124.52052
2019-10-26 15:00:14,85.65128,124.51028
2019-10-26 15:30:15,85.65192,124.50108
2019-10-26 16:00:14,85.65256,124.49256
2019-10-26 16:30:14,85.65318,124.48473
2019-10-26 17:00:14,85.65379,124.47721
2019-10-26 17:30:14,85.6544,124.47005
2019-10-26 18:00:15,85.65498,124.46303
2019-10-26 18:30:14,85.65555,124.45568
2019-10-26 19:00:14,85.65609,124.4481
2019-10-26 19:30:14,85.65664,124.43996
2019-10-26 20:00:14,85.6572,124.43066
2019-10-26 20:30:15,85.65775,124.42097
2019-10-26 21:00:14,85.65833,124.40989
2019-10-26 21:30:14,85.65894,124.39785
2019-10-26 22:00:14,85.6596,124.38472
2019-10-26 22:30:14,85.66031,124.37054
2019-10-26 23:00:15,85.66106,124.35604
2019-10-26 23:30:14,85.66185,124.34168
2019-10-27 00:00:14,85.66273,124.32716
2019-10-27 00:30:14,85.66365,124.31271
2019-10-27 01:00:14,85.66465,124.29845
2019-10-27 01:30:15,85.66572,124.28437
2019-10-27 02:00:14,85.66684,124.27058
2019-10-27 02:30:14,85.66804,124.25761
2019-10-27 03:00:14,85.66925,124.24563
2019-10-27 03:30:14,85.67055,124.23464
2019-10-27 04:00:15,85.67183,124.22498
2019-10-27 04:30:14,85.6731,124.21597
2019-10-27 05:00:14,85.67435,124.20734
2019-10-27 05:30:14,85.6756,124.19869
2019-10-27 06:00:14,85.6768,124.18996
2019-10-27 06:30:15,85.67802,124.18091
2019-10-27 07:00:14,85.67913,124.17153
2019-10-27 07:30:14,85.68024,124.16116
2019-10-27 08:00:14,85.68132,124.15005
2019-10-27 08:30:14,85.68237,124.13813
2019-10-27 09:00:15,85.68346,124.12539
2019-10-27 09:30:14,85.68457,124.11211
2019-10-27 10:00:14,85.68569,124.09844
2019-10-27 10:30:14,85.68688,124.0845
2019-10-27 11:00:14,85.68812,124.07034
2019-10-27 11:30:15,85.68942,124.0562
2019-10-27 12:00:14,85.69079,124.04236
2019-10-27 12:30:14,85.69217,124.02832
2019-10-27 13:00:14,85.69361,124.01436
2019-10-27 13:30:14,85.69511,124.00091
2019-10-27 14:00:15,85.69661,123.98773
2019-10-27 14:30:14,85.69817,123.97403
2019-10-27 15:00:14,85.69969,123.9606
2019-10-27 15:30:14,85.70131,123.94798
2019-10-27 16:00:14,85.70295,123.93605
2019-10-27 16:30:15,85.70457,123.92444
2019-10-27 17:00:14,85.70624,123.91343
2019-10-27 17:30:14,85.70777,123.90239
2019-10-27 18:00:14,85.70943,123.8913
2019-10-27 18:30:14,85.71107,123.87941
2019-10-27 19:00:15,85.71271,123.86694
2019-10-27 19:30:14,85.71428,123.85312
2019-10-27 20:00:14,85.7159,123.8381
2019-10-27 20:30:14,85.71749,123.8218
2019-10-27 21:00:14,85.71912,123.80486
2019-10-27 21:30:15,85.72075,123.78637
2019-10-27 22:00:14,85.7225,123.76623
2019-10-27 22:30:14,85.72424,123.74438
2019-10-27 23:00:14,85.72603,123.72109
2019-10-27 23:30:14,85.72792,123.69741
2019-10-28 00:00:15,85.72987,123.67321
2019-10-28 00:30:14,85.73185,123.64931
2019-10-28 01:00:14,85.73389,123.6255
2019-10-28 01:30:14,85.736,123.60221
2019-10-28 02:00:14,85.73817,123.58063
2019-10-28 02:30:15,85.74036,123.56055
2019-10-28 03:00:14,85.74258,123.54124
2019-10-28 03:30:14,85.74483,123.52313
2019-10-28 04:00:14,85.74706,123.50651
2019-10-28 04:30:14,85.74932,123.49049
2019-10-28 05:00:14,85.75156,123.47536
2019-10-28 05:30:15,85.75376,123.46033
2019-10-28 06:00:14,85.75592,123.44571
2019-10-28 06:30:14,85.75806,123.43069
2019-10-28 07:00:14,85.76017,123.41572
2019-10-28 07:30:14,85.76225,123.40028
2019-10-28 08:00:15,85.76431,123.38406
2019-10-28 08:30:14,85.76637,123.36717
2019-10-28 09:00:14,85.76846,123.34969
2019-10-28 09:30:14,85.7706,123.33149
2019-10-28 10:00:14,85.77277,123.31326
2019-10-28 10:30:14,85.77499,123.29528
2019-10-28 11:00:15,85.7772,123.27721
2019-10-28 11:30:14,85.77941,123.25929
2019-10-28 12:00:14,85.78162,123.24194
2019-10-28 12:30:14,85.78385,123.22477
2019-10-28 13:00:14,85.78601,123.20824
2019-10-28 13:30:15,85.78813,123.19202
2019-10-28 14:00:14,85.79018,123.17632
2019-10-28 14:30:14,85.79218,123.16081
2019-10-28 15:00:14,85.79409,123.1451
2019-10-28 15:30:14,85.796,123.1296
2019-10-28 16:00:14,85.79778,123.11549
2019-10-28 16:30:15,85.79947,123.10235
2019-10-28 17:00:14,85.80109,123.08997
2019-10-28 17:30:14,85.80273,123.0764
2019-10-28 18:00:14,85.80434,123.06076
2019-10-28 18:30:14,85.80589,123.04339
2019-10-28 19:00:15,85.80744,123.02473
2019-10-28 19:30:14,85.80898,123.00528
2019-10-28 20:00:14,85.81046,122.98459
2019-10-28 20:30:14,85.812,122.96313
2019-10-28 21:00:14,85.81352,122.94017
2019-10-28 21:30:14,85.81506,122.91644
2019-10-28 22:00:15,85.81667,122.89173
2019-10-28 22:30:14,85.81828,122.86664
2019-10-28 23:00:14,85.81992,122.84101
2019-10-28 23:30:14,85.82156,122.81442
2019-10-29 00:00:14,85.82321,122.78754
2019-10-29 00:30:14,85.82485,122.76052
2019-10-29 01:00:15,85.82652,122.734
2019-10-29 01:30:14,85.82817,122.70945
2019-10-29 02:00:14,85.82984,122.68613
2019-10-29 02:30:14,85.83148,122.66454
2019-10-29 03:00:14,85.83305,122.64435
2019-10-29 03:30:14,85.83456,122.6248
2019-10-29 04:00:15,85.836,122.60612
2019-10-29 04:30:14,85.83739,122.58775
2019-10-29 05:00:14,85.83873,122.56929
2019-10-29 05:30:14,85.84005,122.55065
2019-10-29 06:00:14,85.84137,122.53144
2019-10-29 06:30:15,85.84256,122.51177
2019-10-29 07:00:14,85.84374,122.49085
2019-10-29 07:30:14,85.84497,122.46845
2019-10-29 08:00:14,85.84618,122.44482
2019-10-29 08:30:14,85.84743,122.41998
2019-10-29 09:00:14,85.84872,122.39444
2019-10-29 09:30:15,85.85005,122.36801
2019-10-29 10:00:14,85.85143,122.34103
2019-10-29 10:30:14,85.85288,122.31321
2019-10-29 11:00:14,85.8544,122.28508
2019-10-29 11:30:14,85.85596,122.2571
2019-10-29 12:00:15,85.85759,122.22965
2019-10-29 12:30:14,85.85921,122.20331
2019-10-29 13:00:14,85.86084,122.17864
2019-10-29 13:30:14,85.86246,122.1554
2019-10-29 14:00:14,85.86404,122.13328
2019-10-29 14:30:15,85.86559,122.11259
2019-10-29 15:00:14,85.86705,122.09322
2019-10-29 15:30:14,85.86847,122.07494
2019-10-29 16:00:14,85.86979,122.05723
2019-10-29 16:30:14,85.87108,122.03999
2019-10-29 17:00:15,85.87229,122.0229
2019-10-29 17:30:14,85.87347,122.00591
2019-10-29 18:00:14,85.87463,121.9883
2019-10-29 18:30:14,85.87576,121.97048
2019-10-29 19:00:14,85.87687,121.95204
2019-10-29 19:30:15,85.87801,121.93252
2019-10-29 20:00:14,85.87917,121.91222
2019-10-29 20:30:14,85.8803,121.89082
2019-10-29 21:00:14,85.88147,121.86931
2019-10-29 21:30:14,85.88265,121.84725
2019-10-29 22:00:14,85.8839,121.8241
2019-10-29 22:30:15,85.88516,121.80087
2019-10-29 23:00:14,85.88649,121.77702
2019-10-29 23:30:14,85.88792,121.75296
2019-10-30 00:00:14,85.8894,121.7289
2019-10-30 00:30:14,85.89091,121.706
2019-10-30 01:00:15,85.8924,121.68362
2019-10-30 01:30:14,85.89388,121.66203
2019-10-30 02:00:14,85.89535,121.64165
2019-10-30 02:30:14,85.89674,121.62256
2019-10-30 03:00:14,85.89806,121.60487
2019-10-30 03:30:15,85.89933,121.58788
2019-10-30 04:00:14,85.90059,121.57161
2019-10-30 04:30:14,85.90176,121.5558
2019-10-30 05:00:14,85.90286,121.53997
2019-10-30 05:30:14,85.90392,121.5239
2019-10-30 06:00:15,85.90496,121.50747
2019-10-30 06:30:14,85.90598,121.49025
2019-10-30 07:00:14,85.90696,121.4718
2019-10-30 07:30:14,85.90797,121.45155
2019-10-30 08:00:14,85.90899,121.43029
2019-10-30 08:30:15,85.91003,121.40791
2019-10-30 09:00:14,85.91106,121.38422
2019-10-30 09:30:14,85.91217,121.35996
2019-10-30 10:00:14,85.91338,121.33584
2019-10-30 10:30:14,85.91463,121.31208
2019-10-30 11:00:14,85.91588,121.28804
2019-10-30 11:30:15,85.91724,121.26529
2019-10-30 12:00:14,85.91859,121.24356
2019-10-30 12:30:14,85.91993,121.22266
2019-10-30 13:00:14,85.92125,121.20283
2019-10-30 13:30:14,85.92255,121.18443
2019-10-30 14:00:15,85.92376,121.16636
2019-10-30 14:30:14,85.9249,121.14973
2019-10-30 15:00:14,85.92596,121.13392
2019-10-30 15:30:14,85.9269,121.11833
2019-10-30 16:00:14,85.92777,121.10358
2019-10-30 16:30:14,85.92856,121.0888
2019-10-30 17:00:15,85.92929,121.07383
2019-10-30 17:30:14,85.93,121.05841
2019-10-30 18:00:14,85.93069,121.04213
2019-10-30 18:30:14,85.9314,121.02486
2019-10-30 19:00:14,85.93209,121.00671
2019-10-30 19:30:15,85.93284,120.98776
2019-10-30 20:00:14,85.93364,120.96776
2019-10-30 20:30:14,85.93446,120.94627
2019-10-30 21:00:14,85.93539,120.9241
2019-10-30 21:30:14,85.93637,120.90112
2019-10-30 22:00:14,85.93747,120.8776
2019-10-30 22:30:15,85.93863,120.85404
2019-10-30 23:00:14,85.93983,120.83076
2019-10-30 23:30:14,85.94111,120.80721
2019-10-31 00:00:14,85.9424,120.78451
2019-10-31 00:30:14,85.9437,120.76276
2019-10-31 01:00:15,85.94498,120.74249
2019-10-31 01:30:14,85.94621,120.72363
2019-10-31 02:00:14,85.94737,120.7057
2019-10-31 02:30:14,85.94851,120.68849
2019-10-31 03:00:14,85.94953,120.67262
2019-10-31 03:30:15,85.95046,120.6578
2019-10-31 04:00:14,85.95135,120.64346
2019-10-31 04:30:14,85.95216,120.62935
2019-10-31 05:00:14,85.95296,120.61533
2019-10-31 05:30:14,85.95374,120.60143
2019-10-31 06:00:15,85.95448,120.58693
2019-10-31 06:30:14,85.95522,120.57208
2019-10-31 07:00:14,85.95595,120.55669
2019-10-31 07:30:14,85.95672,120.54065
2019-10-31 08:00:14,85.95753,120.52368
2019-10-31 08:30:15,85.9584,120.50596
2019-10-31 09:00:14,85.95934,120.48739
2019-10-31 09:30:14,85.96033,120.46857
2019-10-31 10:00:14,85.96139,120.44955
2019-10-31 10:30:14,85.96252,120.43044
2019-10-31 11:00:15,85.96367,120.41158
2019-10-31 11:30:14,85.96489,120.39314
2019-10-31 12:00:14,85.9661,120.37532
2019-10-31 12:30:14,85.96733,120.35806
2019-10-31 13:00:14,85.96852,120.34197
2019-10-31 13:30:15,85.9697,120.32676
2019-10-31 14:00:14,85.97077,120.3124
2019-10-31 14:30:14,85.97181,120.29912
2019-10-31 15:00:14,85.97276,120.28674
2019-10-31 15:30:14,85.97363,120.27486
2019-10-31 16:00:15,85.97443,120.26305
2019-10-31 16:30:14,85.9752,120.25155
2019-10-31 17:00:14,85.97591,120.23978
2019-10-31 17:30:14,85.9766,120.22794
2019-10-31 18:00:14,85.97726,120.21558
2019-10-31 18:30:15,85.97794,120.2026
2019-10-31 19:00:14,85.97862,120.18895
2019-10-31 19:30:14,85.97936,120.17455
2019-10-31 20:00:14,85.9801,120.15923
2019-10-31 20:30:14,85.98092,120.14294
2019-10-31 21:00:15,85.9818,120.12598
2019-10-31 21:30:14,85.98276,120.10864
2019-10-31 22:00:14,85.98379,120.09063
2019-10-31 22:30:14,85.98488,120.07243
2019-10-31 23:00:14,85.98605,120.0544
2019-10-31 23:30:15,85.98729,120.03674
2019-11-01 00:00:14,85.98856,120.02016
2019-11-01 00:30:14,85.98987,120.00469
2019-11-01 01:00:14,85.99116,119.99017
2019-11-01 01:30:14,85.99242,119.97662
2019-11-01 02:00:15,85.99368,119.96373
2019-11-01 02:30:14,85.9949,119.95192
2019-11-01 03:00:14,85.99601,119.94228
2019-11-01 03:30:14,85.99708,119.9328
2019-11-01 04:00:14,85.99808,119.92377
2019-11-01 04:30:15,85.99899,119.91529
2019-11-01 05:00:14,85.99984,119.90655
2019-11-01 05:30:14,86.00066,119.89788
2019-11-01 06:00:14,86.00145,119.88885
2019-11-01 06:30:14,86.00221,119.87904
2019-11-01 07:00:15,86.003,119.86872
2019-11-01 07:30:14,86.00382,119.85796
2019-11-01 08:00:14,86.00467,119.84675
2019-11-01 08:30:14,86.00556,119.83487
2019-11-01 09:00:14,86.00656,119.82241
2019-11-01 09:30:14,86.00764,119.80985
2019-11-01 10:00:15,86.00874,119.79726
2019-11-01 10:30:14,86.00986,119.78513
2019-11-01 11:00:14,86.01111,119.77325
2019-11-01 11:30:14,86.01237,119.76181
2019-11-01 12:00:14,86.01366,119.75125
2019-11-01 12:30:15,86.01492,119.74191
2019-11-01 13:00:14,86.0162,119.73392
2019-11-01 13:30:14,86.01741,119.72705
2019-11-01 14:00:14,86.01859,119.72115
2019-11-01 14:30:14,86.01969,119.71667
2019-11-01 15:00:14,86.02072,119.71294
2019-11-01 15:30:15,86.02174,119.71068
2019-11-01 16:00:14,86.02315,119.71055
2019-11-01 16:30:14,86.0242,119.70939
2019-11-01 17:00:14,86.02502,119.70791
2019-11-01 17:30:14,86.0258,119.70609
2019-11-01 18:00:15,86.02654,119.70381
2019-11-01 18:30:14,86.02723,119.70116
2019-11-01 19:00:14,86.02792,119.69787
2019-11-01 19:30:14,86.02856,119.69431
2019-11-01 20:00:14,86.02918,119.68942
2019-11-01 20:30:14,86.02988,119.68336
2019-11-01 21:00:15,86.03065,119.67712
2019-11-01 21:30:14,86.03146,119.66998
2019-11-01 22:00:14,86.03228,119.66165
2019-11-01 22:30:14,86.03317,119.65266
2019-11-01 23:00:14,86.03401,119.64257
2019-11-01 23:30:15,86.03503,119.63274
2019-11-02 00:00:14,86.03606,119.623
2019-11-02 00:30:14,86.03715,119.61388
2019-11-02 01:00:14,86.03822,119.60568
2019-11-02 01:30:14,86.03925,119.59829
2019-11-02 02:00:14,86.04029,119.59206
2019-11-02 02:30:15,86.04124,119.58608
2019-11-02 03:00:14,86.04216,119.58063
2019-11-02 03:30:14,86.04298,119.57578
2019-11-02 04:00:14,86.04368,119.571
2019-11-02 04:30:14,86.0443,119.5662
2019-11-02 05:00:15,86.04482,119.56178
2019-11-02 05:30:14,86.04528,119.5558
2019-11-02 06:00:14,86.04569,119.54883
2019-11-02 06:30:14,86.04604,119.54063
2019-11-02 07:00:14,86.04639,119.5318
2019-11-02 07:30:15,86.04671,119.52124
2019-11-02 08:00:14,86.04713,119.50979
2019-11-02 08:30:14,86.04764,119.49738
2019-11-02 09:00:14,86.04823,119.48454
2019-11-02 09:30:14,86.04883,119.47077
2019-11-02 10:00:15,86.04955,119.45643
2019-11-02 10:30:14,86.05038,119.44159
2019-11-02 11:00:14,86.05128,119.42706
2019-11-02 11:30:14,86.05224,119.41238
2019-11-02 12:00:14,86.05324,119.39761
2019-11-02 12:30:15,86.05431,119.3836
2019-11-02 13:00:14,86.05532,119.37052
2019-11-02 13:30:14,86.0564,119.35732
2019-11-02 14:00:14,86.0574,119.3444
2019-11-02 14:30:14,86.05839,119.33154
2019-11-02 15:00:15,86.05923,119.31984
2019-11-02 15:30:14,86.05996,119.30796
2019-11-02 16:00:14,86.06068,119.29578
2019-11-02 16:30:14,86.06142,119.28232
2019-11-02 17:00:14,86.06208,119.26839
2019-11-02 17:30:15,86.06268,119.25469
2019-11-02 18:00:14,86.06326,119.23962
2019-11-02 18:30:14,86.06381,119.22264
2019-11-02 19:00:14,86.06442,119.2048
2019-11-02 19:30:14,86.065,119.18587
2019-11-02 20:00:15,86.06563,119.16599
2019-11-02 20:30:14,86.06632,119.14426
2019-11-02 21:00:14,86.06708,119.12334
2019-11-02 21:30:14,86.06792,119.09889
2019-11-02 22:00:14,86.06886,119.07346
2019-11-02 22:30:15,86.06986,119.04772
2019-11-02 23:00:14,86.071,119.0218
2019-11-02 23:30:14,86.07217,118.99677
2019-11-03 00:00:14,86.07337,118.97208
2019-11-03 00:30:14,86.07462,118.94796
2019-11-03 01:00:15,86.0759,118.92464
2019-11-03 01:30:14,86.07715,118.90323
2019-11-03 02:00:14,86.07835,118.88365
2019-11-03 02:30:14,86.07949,118.86437
2019-11-03 03:00:14,86.08054,118.84639
2019-11-03 03:30:15,86.08159,118.83086
2019-11-03 04:00:14,86.08266,118.81422
2019-11-03 04:30:14,86.0835,118.79821
2019-11-03 05:00:14,86.0843,118.78104
2019-11-03 05:30:14,86.08491,118.76131
2019-11-03 06:00:14,86.08545,118.73937
2019-11-03 06:30:15,86.08589,118.71617
2019-11-03 07:00:14,86.08614,118.68953
2019-11-03 07:30:14,86.08653,118.66165
2019-11-03 08:00:14,86.08685,118.6311
2019-11-03 08:30:14,86.08727,118.59486
2019-11-03 09:00:15,86.08776,118.5565
2019-11-03 09:30:14,86.08835,118.51669
2019-11-03 10:00:14,86.08894,118.47601
2019-11-03 10:30:14,86.0896,118.43436
2019-11-03 11:00:14,86.09028,118.39285
2019-11-03 11:30:15,86.09115,118.35226
2019-11-03 12:00:14,86.09219,118.31149
2019-11-03 12:30:14,86.09338,118.27064
2019-11-03 13:00:14,86.09464,118.23254
2019-11-03 13:30:14,86.09596,118.1935
2019-11-03 14:00:15,86.09725,118.15736
2019-11-03 14:30:14,86.09844,118.12413
2019-11-03 15:00:14,86.09957,118.09241
2019-11-03 15:30:14,86.10059,118.06197
2019-11-03 16:00:14,86.10149,118.03239
2019-11-03 16:30:15,86.10237,118.00268
2019-11-03 17:00:14,86.10319,117.97227
2019-11-03 17:30:14,86.10396,117.94286
2019-11-03 18:00:14,86.10467,117.91327
2019-11-03 18:30:14,86.10536,117.8822
2019-11-03 19:00:15,86.10596,117.85017
2019-11-03 19:30:14,86.10658,117.81909
2019-11-03 20:00:14,86.10728,117.78703
2019-11-03 20:30:14,86.10796,117.75335
2019-11-03 21:00:14,86.10868,117.71763
2019-11-03 21:30:15,86.10943,117.6805
2019-11-03 22:00:14,86.11028,117.6433
2019-11-03 22:30:14,86.1112,117.6059
2019-11-03 23:00:14,86.11217,117.56809
2019-11-03 23:30:14,86.11319,117.53019
2019-11-04 00:00:15,86.11423,117.49593
2019-11-04 00:30:14,86.1153,117.4616
2019-11-04 01:00:14,86.11644,117.42597
2019-11-04 01:30:14,86.11761,117.38966
2019-11-04 02:00:14,86.11874,117.35516
2019-11-04 02:30:15,86.11977,117.32417
2019-11-04 03:00:14,86.12074,117.29298
2019-11-04 03:30:14,86.12163,117.26396
2019-11-04 04:00:14,86.12236,117.23607
2019-11-04 04:30:14,86.12307,117.20832
2019-11-04 05:00:15,86.12361,117.18136
2019-11-04 05:30:14,86.12409,117.15414
2019-11-04 06:00:14,86.12453,117.12648
2019-11-04 06:30:14,86.12491,117.09772
2019-11-04 07:00:14,86.12529,117.06628
2019-11-04 07:30:15,86.12575,117.03139
2019-11-04 08:00:14,86.1262,116.9956
2019-11-04 08:30:14,86.12666,116.95913
2019-11-04 09:00:14,86.12714,116.92269
2019-11-04 09:30:14,86.12771,116.88589
2019-11-04 10:00:15,86.12827,116.84914
2019-11-04 10:30:14,86.12892,116.81326
2019-11-04 11:00:14,86.12959,116.7777
2019-11-04 11:30:14,86.13032,116.74276
2019-11-04 12:00:14,86.13107,116.7085
2019-11-04 12:30:14,86.1318,116.67535
2019-11-04 13:00:15,86.13253,116.6436
2019-11-04 13:30:14,86.13321,116.61275
2019-11-04 14:00:14,86.13385,116.58257
2019-11-04 14:30:14,86.13441,116.55331
2019-11-04 15:00:14,86.13488,116.52484
2019-11-04 15:30:15,86.13527,116.49712
2019-11-04 16:00:14,86.13554,116.46983
2019-11-04 16:30:14,86.13572,116.44279
2019-11-04 17:00:14,86.13579,116.41625
2019-11-04 17:30:14,86.13579,116.38966
2019-11-04 18:00:15,86.1357,116.36264
2019-11-04 18:30:14,86.1356,116.33546
2019-11-04 19:00:14,86.13545,116.30814
2019-11-04 19:30:14,86.13531,116.28085
2019-11-04 20:00:14,86.13511,116.25275
2019-11-04 20:30:15,86.1349,116.22428
2019-11-04 21:00:14,86.13474,116.19577
2019-11-04 21:30:14,86.13458,116.16745
2019-11-04 22:00:14,86.13447,116.13937
2019-11-04 22:30:14,86.13436,116.11159
2019-11-04 23:00:15,86.13431,116.08429
2019-11-04 23:30:14,86.13431,116.05728
2019-11-05 00:00:14,86.13431,116.03132
2019-11-05 00:30:14,86.13432,116.00528
2019-11-05 01:00:14,86.13432,115.98081
2019-11-05 01:30:15,86.13427,115.95711
2019-11-05 02:00:14,86.13406,115.93401
2019-11-05 02:30:14,86.13379,115.90935
2019-11-05 03:00:14,86.1334,115.88457
2019-11-05 03:30:14,86.13306,115.85899
2019-11-05 04:00:15,86.13272,115.83105
2019-11-05 04:30:14,86.13226,115.80354
2019-11-05 05:00:14,86.13176,115.77692
2019-11-05 05:30:14,86.13117,115.75079
2019-11-05 06:00:14,86.13048,115.72339
2019-11-05 06:30:15,86.12967,115.697
2019-11-05 07:00:14,86.12884,115.67014
2019-11-05 07:30:14,86.128,115.64265
2019-11-05 08:00:14,86.12708,115.61478
2019-11-05 08:30:14,86.12616,115.58698
2019-11-05 09:00:15,86.12523,115.55916
2019-11-05 09:30:14,86.12434,115.53157
2019-11-05 10:00:14,86.12338,115.50278
2019-11-05 10:30:14,86.12251,115.47295
2019-11-05 11:00:14,86.12165,115.44425
2019-11-05 11:30:15,86.12088,115.41568
2019-11-05 12:00:14,86.12019,115.38783
2019-11-05 12:30:14,86.11953,115.36121
2019-11-05 13:00:14,86.11893,115.33575
2019-11-05 13:30:14,86.11833,115.31194
2019-11-05 14:00:15,86.11769,115.28929
2019-11-05 14:30:14,86.11703,115.26714
2019-11-05 15:00:14,86.11632,115.24472
2019-11-05 15:30:14,86.11557,115.22307
2019-11-05 16:00:14,86.11473,115.20139
2019-11-05 16:30:15,86.11387,115.18125
2019-11-05 17:00:14,86.11296,115.16206
2019-11-05 17:30:14,86.112,115.14319
2019-11-05 18:00:14,86.11104,115.12392
2019-11-05 18:30:14,86.11005,115.10452
2019-11-05 19:00:15,86.10909,115.08468
2019-11-05 19:30:14,86.10817,115.06445
2019-11-05 20:00:14,86.10728,115.04353
2019-11-05 20:30:14,86.10647,115.02237
2019-11-05 21:00:14,86.10569,115.00066
2019-11-05 21:30:15,86.10503,114.97849
2019-11-05 22:00:14,86.10442,114.95634
2019-11-05 22:30:14,86.1039,114.9343
2019-11-05 23:00:14,86.10349,114.91227
2019-11-05 23:30:14,86.10316,114.89062
2019-11-06 00:00:15,86.10285,114.86981
2019-11-06 00:30:14,86.1026,114.84978
2019-11-06 01:00:14,86.10237,114.83038
2019-11-06 01:30:14,86.10216,114.8118
2019-11-06 02:00:14,86.10194,114.79404
2019-11-06 02:30:15,86.10171,114.7766
2019-11-06 03:00:14,86.10143,114.75964
2019-11-06 03:30:14,86.10114,114.74274
2019-11-06 04:00:14,86.10078,114.72553
2019-11-06 04:30:14,86.10039,114.70802
2019-11-06 05:00:15,86.09998,114.69028
2019-11-06 05:30:14,86.09956,114.67232
2019-11-06 06:00:14,86.09911,114.65332
2019-11-06 06:30:14,86.09863,114.6334
2019-11-06 07:00:15,86.09818,114.6126
2019-11-06 07:30:14,86.09773,114.59092
2019-11-06 08:00:14,86.09734,114.56872
2019-11-06 08:30:14,86.09696,114.5463
2019-11-06 09:00:14,86.09663,114.52322
2019-11-06 09:30:15,86.0964,114.49968
2019-11-06 10:00:14,86.09625,114.47552
2019-11-06 10:30:14,86.09616,114.4508
2019-11-06 11:00:14,86.09616,114.42593
2019-11-06 11:30:14,86.09623,114.40168
2019-11-06 12:00:15,86.09636,114.37819
2019-11-06 12:30:14,86.09652,114.35576
2019-11-06 13:00:14,86.09673,114.33437
2019-11-06 13:30:14,86.09697,114.31384
2019-11-06 14:00:15,86.0972,114.29464
2019-11-06 14:30:14,86.09744,114.27643
2019-11-06 15:00:14,86.09764,114.25922
2019-11-06 15:30:14,86.09777,114.24271
2019-11-06 16:00:14,86.09784,114.22662
2019-11-06 16:30:15,86.09784,114.21055
2019-11-06 17:00:14,86.09779,114.19463
2019-11-06 17:30:14,86.09766,114.1782
2019-11-06 18:00:14,86.09755,114.16122
2019-11-06 18:30:14,86.09736,114.14365
2019-11-06 19:00:15,86.09718,114.12536
2019-11-06 19:30:14,86.097,114.10649
2019-11-06 20:00:14,86.09682,114.08665
2019-11-06 20:30:14,86.09668,114.06654
2019-11-06 21:00:14,86.09656,114.04596
2019-11-06 21:30:15,86.09648,114.02509
2019-11-06 22:00:14,86.09645,114.00426
2019-11-06 22:30:14,86.0965,113.98347
2019-11-06 23:00:14,86.09663,113.96267
2019-11-06 23:30:14,86.09681,113.94257
2019-11-07 00:00:15,86.097,113.9232
2019-11-07 00:30:14,86.09727,113.90464
2019-11-07 01:00:14,86.09755,113.88688
2019-11-07 01:30:14,86.09782,113.86996
2019-11-07 02:00:14,86.09807,113.85436
2019-11-07 02:30:15,86.09825,113.83952
2019-11-07 03:00:14,86.09843,113.82551
2019-11-07 03:30:14,86.09855,113.81189
2019-11-07 04:00:14,86.0986,113.79844
2019-11-07 04:30:14,86.09859,113.7849
2019-11-07 05:00:15,86.09852,113.77133
2019-11-07 05:30:14,86.09836,113.75765
2019-11-07 06:00:14,86.09814,113.74358
2019-11-07 06:30:14,86.09786,113.72906
2019-11-07 07:00:14,86.09755,113.71325
2019-11-07 07:30:15,86.0972,113.69625
2019-11-07 08:00:14,86.09682,113.67879
2019-11-07 08:30:14,86.09645,113.66063
2019-11-07 09:00:14,86.09607,113.64139
2019-11-07 09:30:14,86.0957,113.62145
2019-11-07 10:00:15,86.09536,113.60146
2019-11-07 10:30:14,86.09506,113.58172
2019-11-07 11:00:14,86.09483,113.56284
2019-11-07 11:30:14,86.09461,113.54476
2019-11-07 12:00:14,86.09444,113.52736
2019-11-07 12:30:15,86.09429,113.51072
2019-11-07 13:00:14,86.09416,113.49528
2019-11-07 13:30:14,86.09402,113.4808
2019-11-07 14:00:14,86.09388,113.4668
2019-11-07 14:30:14,86.09372,113.45396
2019-11-07 15:00:15,86.09356,113.44254
2019-11-07 15:30:14,86.09338,113.43163
2019-11-07 16:00:14,86.09319,113.42126
2019-11-07 16:30:14,86.09293,113.41174
2019-11-07 17:00:14,86.09263,113.40241
2019-11-07 17:30:15,86.09228,113.39262
2019-11-07 18:00:14,86.0919,113.3819
2019-11-07 18:30:14,86.09145,113.37065
2019-11-07 19:00:14,86.091,113.35983
2019-11-07 19:30:14,86.09053,113.34802
2019-11-07 20:00:15,86.09,113.33555
2019-11-07 20:30:14,86.08948,113.32096
2019-11-07 21:00:14,86.08896,113.30766
2019-11-07 21:30:14,86.08848,113.29282
2019-11-07 22:00:14,86.08805,113.27707
2019-11-07 22:30:15,86.08768,113.26131
2019-11-07 23:00:14,86.08736,113.24569
2019-11-07 23:30:14,86.08708,113.23106
2019-11-08 00:00:14,86.08681,113.21699
2019-11-08 00:30:14,86.0866,113.20349
2019-11-08 01:00:15,86.08639,113.19101
2019-11-08 01:30:14,86.08621,113.17977
2019-11-08 02:00:14,86.08604,113.16891
2019-11-08 02:30:14,86.08578,113.15887
2019-11-08 03:00:15,86.08553,113.14959
2019-11-08 03:30:14,86.0852,113.14039
2019-11-08 04:00:14,86.08479,113.13171
2019-11-08 04:30:14,86.0843,113.12293
2019-11-08 05:00:14,86.08379,113.11407
2019-11-08 05:30:15,86.08318,113.10436
2019-11-08 06:00:14,86.08245,113.09357
2019-11-08 06:30:14,86.08165,113.08224
2019-11-08 07:00:14,86.08083,113.07066
2019-11-08 07:30:14,86.07995,113.05882
2019-11-08 08:00:15,86.07899,113.04651
2019-11-08 08:30:14,86.07797,113.03376
2019-11-08 09:00:14,86.07687,113.01964
2019-11-08 09:30:14,86.07584,113.00526
2019-11-08 10:00:14,86.07478,112.98925
2019-11-08 10:30:15,86.07373,112.9732
2019-11-08 11:00:14,86.07262,112.956
2019-11-08 11:30:14,86.07159,112.93996
2019-11-08 12:00:14,86.07052,112.9241
2019-11-08 12:30:14,86.06947,112.9086
2019-11-08 13:00:15,86.06843,112.89376
2019-11-08 13:30:14,86.06732,112.87914
2019-11-08 14:00:14,86.0662,112.86484
2019-11-08 14:30:14,86.06506,112.85146
2019-11-08 15:00:14,86.06393,112.83894
2019-11-08 15:30:15,86.06274,112.82752
2019-11-08 16:00:14,86.06152,112.81593
2019-11-08 16:30:14,86.06026,112.80495
2019-11-08 17:00:14,86.05894,112.79456
2019-11-08 17:30:14,86.05755,112.78437
2019-11-08 18:00:15,86.05614,112.77404
2019-11-08 18:30:14,86.05466,112.76392
2019-11-08 19:00:14,86.05315,112.75419
2019-11-08 19:30:14,86.05154,112.74313
2019-11-08 20:00:14,86.04993,112.73316
2019-11-08 20:30:15,86.04828,112.72314
2019-11-08 21:00:14,86.04665,112.71208
2019-11-08 21:30:14,86.04508,112.7019
2019-11-08 22:00:14,86.04343,112.69208
2019-11-08 22:30:14,86.04191,112.68416
2019-11-08 23:00:15,86.04036,112.6759
2019-11-08 23:30:14,86.03881,112.66887
2019-11-09 00:00:14,86.03738,112.66333
2019-11-09 00:30:14,86.03606,112.65987
2019-11-09 01:00:14,86.03476,112.6578
2019-11-09 01:30:15,86.03351,112.65691
2019-11-09 02:00:14,86.03228,112.65716
2019-11-09 02:30:14,86.03104,112.65878
2019-11-09 03:00:14,86.02984,112.6616
2019-11-09 03:30:15,86.02861,112.66476
2019-11-09 04:00:14,86.02743,112.66839
2019-11-09 04:30:14,86.02618,112.67252
2019-11-09 05:00:14,86.02492,112.67712
2019-11-09 05:30:14,86.02363,112.68128
2019-11-09 06:00:15,86.02233,112.68483
2019-11-09 06:30:14,86.02104,112.68753
2019-11-09 07:00:14,86.01981,112.68944
2019-11-09 07:30:14,86.01862,112.69044
2019-11-09 08:00:14,86.01746,112.69093
2019-11-09 08:30:15,86.01632,112.69115
2019-11-09 09:00:14,86.01525,112.69113
2019-11-09 09:30:14,86.01423,112.69095
2019-11-09 10:00:14,86.01323,112.6908
2019-11-09 10:30:14,86.01227,112.69076
2019-11-09 11:00:15,86.01138,112.69168
2019-11-09 11:30:14,86.01052,112.69366
2019-11-09 12:00:14,86.00968,112.69698
2019-11-09 12:30:14,86.0089,112.7016
2019-11-09 13:00:15,86.00817,112.70747
2019-11-09 13:30:14,86.00747,112.71445
2019-11-09 14:00:14,86.00678,112.72263
2019-11-09 14:30:14,86.00612,112.7317
2019-11-09 15:00:14,86.00546,112.7414
2019-11-09 15:30:15,86.00475,112.75134
2019-11-09 16:00:14,86.00407,112.76141
2019-11-09 16:30:14,86.00339,112.77163
2019-11-09 17:00:14,86.00271,112.78162
2019-11-09 17:30:14,86.00205,112.7912
2019-11-09 18:00:15,86.0014,112.80028
2019-11-09 18:30:14,86.00079,112.80857
2019-11-09 19:00:14,86.0002,112.81657
2019-11-09 19:30:14,85.99964,112.82407
2019-11-09 20:00:15,85.99911,112.83102
2019-11-09 20:30:14,85.99865,112.83792
2019-11-09 21:00:14,85.99821,112.8447
2019-11-09 21:30:14,85.99786,112.8513
2019-11-09 22:00:14,85.99754,112.85817
2019-11-09 22:30:15,85.99729,112.8652
2019-11-09 23:00:14,85.99711,112.87261
2019-11-09 23:30:14,85.99696,112.88044
2019-11-10 00:00:14,85.99686,112.88861
2019-11-10 00:30:15,85.9968,112.89735
2019-11-10 01:00:14,85.99677,112.90644
2019-11-10 01:30:14,85.99676,112.91593
2019-11-10 02:00:14,85.99677,112.92603
2019-11-10 02:30:15,85.99686,112.93688
2019-11-10 03:00:14,85.99695,112.94803
2019-11-10 03:30:14,85.99702,112.95953
2019-11-10 04:00:14,85.99711,112.97108
2019-11-10 04:30:15,85.99718,112.9829
2019-11-10 05:00:14,85.99727,112.99432
2019-11-10 05:30:14,85.99734,113.00521
2019-11-10 06:00:14,85.99741,113.01572
2019-11-10 06:30:15,85.99751,113.02561
2019-11-10 07:00:14,85.99764,113.03501
2019-11-10 07:30:14,85.99781,113.04356
2019-11-10 08:00:14,85.99805,113.05138
2019-11-10 08:30:15,85.99832,113.05848
2019-11-10 09:00:14,85.99866,113.06499
2019-11-10 09:30:14,85.99905,113.07093
2019-11-10 10:00:14,85.99953,113.07649
2019-11-10 10:30:15,86.00005,113.08211
2019-11-10 11:00:14,86.00061,113.08799
2019-11-10 11:30:14,86.00127,113.09416
2019-11-10 12:00:14,86.00198,113.10098
2019-11-10 12:30:15,86.00277,113.10865
2019-11-10 13:00:14,86.00356,113.11705
2019-11-10 13:30:14,86.0044,113.12632
2019-11-10 14:00:14,86.00523,113.13652
2019-11-10 14:30:14,86.00607,113.14717
2019-11-10 15:00:15,86.0069,113.15836
2019-11-10 15:30:14,86.00769,113.16985
2019-11-10 16:00:14,86.00849,113.18155
2019-11-10 16:30:14,86.00928,113.19308
2019-11-10 17:00:15,86.01008,113.20438
2019-11-10 17:30:14,86.0109,113.21512
2019-11-10 18:00:14,86.01177,113.22523
2019-11-10 18:30:14,86.0127,113.23454
2019-11-10 19:00:15,86.01366,113.24326
2019-11-10 19:30:14,86.01473,113.25075
2019-11-10 20:00:14,86.01587,113.25715
2019-11-10 20:30:14,86.01709,113.26281
2019-11-10 21:00:15,86.01841,113.26789
2019-11-10 21:30:14,86.01983,113.2724
2019-11-10 22:00:14,86.02132,113.27697
2019-11-10 22:30:14,86.02293,113.28162
2019-11-10 23:00:14,86.02461,113.28648
2019-11-10 23:30:15,86.02634,113.29166
2019-11-11 00:00:14,86.02816,113.29762
2019-11-11 00:30:14,86.03004,113.30454
2019-11-11 01:00:14,86.03198,113.31264
2019-11-11 01:30:15,86.03399,113.3216
2019-11-11 02:00:14,86.036,113.3317
2019-11-11 02:30:14,86.03806,113.34263
2019-11-11 03:00:14,86.04018,113.35394
2019-11-11 03:30:14,86.04234,113.36526
2019-11-11 04:00:15,86.0446,113.37634
2019-11-11 04:30:14,86.04692,113.38708
2019-11-11 05:00:14,86.04933,113.39736
2019-11-11 05:30:14,86.05184,113.40701
2019-11-11 06:00:15,86.0545,113.41652
2019-11-11 06:30:14,86.0573,113.42581
2019-11-11 07:00:14,86.06016,113.43483
2019-11-11 07:30:14,86.06308,113.44265
2019-11-11 08:00:14,86.06613,113.45024
2019-11-11 08:30:15,86.06934,113.45834
2019-11-11 09:00:14,86.07272,113.46699
2019-11-11 09:30:14,86.07619,113.47566
2019-11-11 10:00:14,86.07972,113.48454
2019-11-11 10:30:15,86.08334,113.49417
2019-11-11 11:00:14,86.08698,113.505
2019-11-11 11:30:14,86.09065,113.51675
2019-11-11 12:00:14,86.09435,113.52971
2019-11-11 12:30:14,86.09805,113.54388
2019-11-11 13:00:15,86.10168,113.55892
2019-11-11 13:30:14,86.10526,113.57513
2019-11-11 14:00:14,86.10876,113.59247
2019-11-11 14:30:14,86.11216,113.61064
2019-11-11 15:00:14,86.11543,113.62987
2019-11-11 15:30:15,86.11858,113.64986
2019-11-11 16:00:14,86.1216,113.67081
2019-11-11 16:30:14,86.12448,113.69243
2019-11-11 17:00:14,86.12721,113.71417
2019-11-11 17:30:14,86.12984,113.73568
2019-11-11 18:00:15,86.13232,113.75768
2019-11-11 18:30:14,86.13474,113.77973
2019-11-11 19:00:14,86.13709,113.8016
2019-11-11 19:30:14,86.13944,113.82387
2019-11-11 20:00:14,86.14173,113.84608
2019-11-11 20:30:15,86.14405,113.86833
2019-11-11 21:00:14,86.14639,113.89018
2019-11-11 21:30:14,86.14869,113.91244
2019-11-11 22:00:14,86.15102,113.9352
2019-11-11 22:30:14,86.15339,113.95798
2019-11-11 23:00:15,86.15577,113.98142
2019-11-11 23:30:14,86.15819,114.00567
2019-11-12 00:00:14,86.16064,114.0312
2019-11-12 00:30:14,86.16308,114.0574
2019-11-12 01:00:14,86.16548,114.08416
2019-11-12 01:30:15,86.16787,114.11107
2019-11-12 02:00:14,86.17027,114.13777
2019-11-12 02:30:14,86.17264,114.16454
2019-11-12 03:00:14,86.17499,114.19108
2019-11-12 03:30:14,86.17727,114.21629
2019-11-12 04:00:15,86.17954,114.2401
2019-11-12 04:30:14,86.18184,114.26361
2019-11-12 05:00:14,86.18412,114.28558
2019-11-12 05:30:14,86.18642,114.30584
2019-11-12 06:00:14,86.18867,114.32484
2019-11-12 06:30:15,86.19092,114.3414
2019-11-12 07:00:14,86.1932,114.35533
2019-11-12 07:30:14,86.19548,114.36703
2019-11-12 08:00:14,86.19778,114.3768
2019-11-12 08:30:14,86.20015,114.38541
2019-11-12 09:00:15,86.20258,114.39278
2019-11-12 09:30:14,86.20506,114.39964
2019-11-12 10:00:14,86.20764,114.40684
2019-11-12 10:30:14,86.21027,114.41422
2019-11-12 11:00:14,86.21291,114.42285
2019-11-12 11:30:15,86.21556,114.43193
2019-11-12 12:00:14,86.2182,114.4422
2019-11-12 12:30:14,86.22083,114.45374
2019-11-12 13:00:14,86.22343,114.46572
2019-11-12 13:30:14,86.22594,114.47858
2019-11-12 14:00:15,86.22839,114.49283
2019-11-12 14:30:14,86.2308,114.50752
2019-11-12 15:00:14,86.23312,114.52252
2019-11-12 15:30:14,86.23539,114.53738
2019-11-12 16:00:14,86.2376,114.55185
2019-11-12 16:30:15,86.23973,114.56615
2019-11-12 17:00:14,86.24181,114.5797
2019-11-12 17:30:14,86.24383,114.59231
2019-11-12 18:00:14,86.2458,114.60385
2019-11-12 18:30:14,86.24767,114.61446
2019-11-12 19:00:15,86.24954,114.62375
2019-11-12 19:30:14,86.25139,114.63208
2019-11-12 20:00:14,86.25324,114.64028
2019-11-12 20:30:14,86.25508,114.6468
2019-11-12 21:00:14,86.25692,114.65149
2019-11-12 21:30:15,86.25883,114.65625
2019-11-12 22:00:14,86.26079,114.66092
2019-11-12 22:30:14,86.26284,114.66602
2019-11-12 23:00:14,86.26495,114.67197
2019-11-12 23:30:14,86.26704,114.67927
2019-11-13 00:00:15,86.26916,114.68803
2019-11-13 00:30:14,86.27126,114.69824
2019-11-13 01:00:14,86.27331,114.70973
2019-11-13 01:30:14,86.27524,114.72316
2019-11-13 02:00:14,86.27707,114.73817
2019-11-13 02:30:15,86.27882,114.7542
2019-11-13 03:00:14,86.2805,114.77074
2019-11-13 03:30:14,86.282,114.78709
2019-11-13 04:00:14,86.28335,114.8016
2019-11-13 04:30:14,86.2846,114.81536
2019-11-13 05:00:15,86.28579,114.82774
2019-11-13 05:30:14,86.28696,114.83744
2019-11-13 06:00:14,86.28815,114.84729
2019-11-13 06:30:14,86.2894,114.85528
2019-11-13 07:00:14,86.29068,114.86202
2019-11-13 07:30:15,86.29191,114.86777
2019-11-13 08:00:14,86.29305,114.86768
2019-11-13 08:30:14,86.29423,114.86521
2019-11-13 09:00:14,86.29533,114.86221
2019-11-13 09:30:14,86.29644,114.85804
2019-11-13 10:00:15,86.29765,114.85369
2019-11-13 10:30:14,86.29894,114.85062
2019-11-13 11:00:14,86.30031,114.84659
2019-11-13 11:30:14,86.3017,114.8427
2019-11-13 12:00:14,86.30305,114.83962
2019-11-13 12:30:15,86.30437,114.83656
2019-11-13 13:00:14,86.30563,114.83418
2019-11-13 13:30:14,86.30682,114.83264
2019-11-13 14:00:14,86.30804,114.83253
2019-11-13 14:30:14,86.30914,114.83371
2019-11-13 15:00:15,86.3103,114.83692
2019-11-13 15:30:14,86.31144,114.8401
2019-11-13 16:00:14,86.31251,114.84452
2019-11-13 16:30:14,86.3134,114.84889
2019-11-13 17:00:14,86.31429,114.85228
2019-11-13 17:30:15,86.31532,114.85891
2019-11-13 18:00:14,86.31638,114.86396
2019-11-13 18:30:14,86.31743,114.86977
2019-11-13 19:00:14,86.3186,114.87757
2019-11-13 19:30:14,86.32001,114.88239
2019-11-13 20:00:15,86.32169,114.88836
2019-11-13 20:30:14,86.32333,114.8943
2019-11-13 21:00:14,86.32503,114.89874
2019-11-13 21:30:14,86.32678,114.90243
2019-11-13 22:00:14,86.32858,114.90585
2019-11-13 22:30:15,86.33045,114.90905
2019-11-13 23:00:14,86.33236,114.91258
2019-11-13 23:30:14,86.33423,114.91628
2019-11-14 00:00:14,86.33608,114.92096
2019-11-14 00:30:14,86.33791,114.92684
2019-11-14 01:00:15,86.33965,114.93365
2019-11-14 01:30:14,86.34132,114.94184
2019-11-14 02:00:14,86.34304,114.95104
2019-11-14 02:30:14,86.34464,114.96091
2019-11-14 03:00:14,86.34608,114.97154
2019-11-14 03:30:15,86.3474,114.9828
2019-11-14 04:00:14,86.34855,114.99358
2019-11-14 04:30:14,86.34957,115.0042
2019-11-14 05:00:14,86.35049,115.01466
2019-11-14 05:30:14,86.35132,115.02417
2019-11-14 06:00:15,86.3521,115.03275
2019-11-14 06:30:14,86.35287,115.03986
2019-11-14 07:00:14,86.35367,115.04546
2019-11-14 07:30:14,86.35452,115.04974
2019-11-14 08:00:14,86.35537,115.05275
2019-11-14 08:30:14,86.3562,115.05582
2019-11-14 09:00:15,86.35708,115.0578
2019-11-14 09:30:14,86.35806,115.05868
2019-11-14 10:00:14,86.35902,115.05893
2019-11-14 10:30:14,86.36005,115.05943
2019-11-14 11:00:14,86.36118,115.06039
2019-11-14 11:30:15,86.36227,115.06167
2019-11-14 12:00:14,86.36332,115.06351
2019-11-14 12:30:14,86.36437,115.06616
2019-11-14 13:00:14,86.36539,115.06968
2019-11-14 13:30:14,86.36632,115.07494
2019-11-14 14:00:15,86.36719,115.08148
2019-11-14 14:30:14,86.36794,115.08937
2019-11-14 15:00:14,86.36864,115.09834
2019-11-14 15:30:14,86.36926,115.10516
2019-11-14 16:00:14,86.36984,115.11209
2019-11-14 16:30:15,86.37029,115.11901
2019-11-14 17:00:14,86.37067,115.12534
2019-11-14 17:30:14,86.37092,115.13085
2019-11-14 18:00:14,86.37108,115.13538
2019-11-14 18:30:14,86.37122,115.13892
2019-11-14 19:00:15,86.37133,115.14124
2019-11-14 19:30:14,86.37145,115.14196
2019-11-14 20:00:14,86.37159,115.14173
2019-11-14 20:30:14,86.37177,115.14014
2019-11-14 21:00:14,86.372,115.13731
2019-11-14 21:30:14,86.37236,115.13384
2019-11-14 22:00:15,86.37284,115.12962
2019-11-14 22:30:14,86.37337,115.1258
2019-11-14 23:00:14,86.37397,115.12243
2019-11-14 23:30:14,86.37461,115.12019
2019-11-15 00:00:14,86.37528,115.11931
2019-11-15 00:30:15,86.37598,115.11938
2019-11-15 01:00:14,86.37663,115.12097
2019-11-15 01:30:14,86.3772,115.12407
2019-11-15 02:00:14,86.37766,115.12789
2019-11-15 02:30:14,86.37808,115.13345
2019-11-15 03:00:15,86.37833,115.14014
2019-11-15 03:30:14,86.37849,115.14737
2019-11-15 04:00:14,86.37853,115.15546
2019-11-15 04:30:14,86.37852,115.16422
2019-11-15 05:00:14,86.37839,115.17292
2019-11-15 05:30:15,86.3782,115.18195
2019-11-15 06:00:14,86.37801,115.19058
2019-11-15 06:30:14,86.37778,115.19956
2019-11-15 07:00:14,86.37756,115.20791
2019-11-15 07:30:14,86.37734,115.21521
2019-11-15 08:00:15,86.37716,115.22446
2019-11-15 08:30:14,86.37719,115.23341
2019-11-15 09:00:14,86.37723,115.24073
2019-11-15 09:30:14,86.37749,115.2485
2019-11-15 10:00:14,86.37794,115.25781
2019-11-15 10:30:15,86.37852,115.26885
2019-11-15 11:00:14,86.37926,115.27943
2019-11-15 11:30:14,86.38014,115.2887
2019-11-15 12:00:14,86.381,115.30389
2019-11-15 12:30:14,86.382,115.32373
2019-11-15 13:00:15,86.38296,115.34637
2019-11-15 13:30:14,86.38384,115.37186
2019-11-15 14:00:14,86.3846,115.4007
2019-11-15 14:30:14,86.38509,115.43368
2019-11-15 15:00:14,86.38543,115.46799
2019-11-15 15:30:15,86.3857,115.50195
2019-11-15 16:00:14,86.38576,115.53799
2019-11-15 16:30:14,86.38564,115.57516
2019-11-15 17:00:14,86.38543,115.61344
2019-11-15 17:30:14,86.38532,115.65122
2019-11-15 18:00:15,86.38535,115.68888
2019-11-15 18:30:14,86.3854,115.7266
2019-11-15 19:00:14,86.38535,115.76672
2019-11-15 19:30:14,86.38527,115.80669
2019-11-15 20:00:14,86.38509,115.84652
2019-11-15 20:30:15,86.3848,115.8852
2019-11-15 21:00:14,86.38438,115.92284
2019-11-15 21:30:14,86.3839,115.96248
2019-11-15 22:00:14,86.38342,116.00403
2019-11-15 22:30:14,86.3831,116.04589
2019-11-15 23:00:14,86.38292,116.09028
2019-11-15 23:30:15,86.38283,116.13786
2019-11-16 00:00:14,86.38252,116.19228
2019-11-16 00:30:14,86.38208,116.24824
2019-11-16 01:00:14,86.38156,116.30753
2019-11-16 01:30:14,86.38094,116.36903
2019-11-16 02:00:15,86.38029,116.43192
2019-11-16 02:30:14,86.37964,116.49565
2019-11-16 03:00:14,86.37894,116.56078
2019-11-16 03:30:14,86.37825,116.62537
2019-11-16 04:00:14,86.37759,116.69043
2019-11-16 04:30:14,86.37698,116.75301
2019-11-16 05:00:15,86.3763,116.81724
2019-11-16 05:30:14,86.37556,116.88431
2019-11-16 06:00:14,86.37482,116.95281
2019-11-16 06:30:14,86.37391,117.02545
2019-11-16 07:00:14,86.37273,117.10194
2019-11-16 07:30:15,86.37129,117.18309
2019-11-16 08:00:14,86.36979,117.2668
2019-11-16 08:30:14,86.36826,117.35403
2019-11-16 09:00:14,86.36668,117.44313
2019-11-16 09:30:14,86.36507,117.53304
2019-11-16 10:00:14,86.36344,117.62477
2019-11-16 10:30:15,86.36188,117.71784
2019-11-16 11:00:14,86.36037,117.81197
2019-11-16 11:30:14,86.35886,117.90667
2019-11-16 12:00:14,86.35751,118.00141
2019-11-16 12:30:14,86.35632,118.09556
2019-11-16 13:00:14,86.35519,118.18936
2019-11-16 13:30:15,86.35426,118.28355
2019-11-16 14:00:14,86.35345,118.3783
2019-11-16 14:30:14,86.35264,118.47505
2019-11-16 15:00:14,86.35185,118.57114
2019-11-16 15:30:14,86.35094,118.66655
2019-11-16 16:00:15,86.34977,118.76031
2019-11-16 16:30:14,86.34834,118.85296
2019-11-16 17:00:14,86.3466,118.94537
2019-11-16 17:30:14,86.34463,119.03351
2019-11-16 18:00:14,86.34201,119.1143
2019-11-16 18:30:14,86.33867,119.18562
2019-11-16 19:00:15,86.3352,119.25153
2019-11-16 19:30:14,86.33133,119.31342
2019-11-16 20:00:14,86.32742,119.36726
2019-11-16 20:30:14,86.32346,119.41145
2019-11-16 21:00:14,86.31931,119.45012
2019-11-16 21:30:15,86.31503,119.48245
2019-11-16 22:00:14,86.31064,119.50924
2019-11-16 22:30:14,86.30607,119.52984
2019-11-16 23:00:14,86.30143,119.54713
2019-11-16 23:30:14,86.29669,119.55941
2019-11-17 00:00:14,86.29184,119.56668
2019-11-17 00:30:15,86.28695,119.56836
2019-11-17 01:00:14,86.28207,119.56583
2019-11-17 01:30:14,86.27723,119.56097
2019-11-17 02:00:14,86.27261,119.55206
2019-11-17 02:30:14,86.26842,119.54773
2019-11-17 03:00:15,86.26473,119.55229
2019-11-17 03:30:14,86.26116,119.56481
2019-11-17 04:00:14,86.25747,119.58318
2019-11-17 04:30:14,86.25348,119.60558
2019-11-17 05:00:14,86.24939,119.63184
2019-11-17 05:30:15,86.2452,119.65894
2019-11-17 06:00:14,86.24094,119.68362
2019-11-17 06:30:14,86.23672,119.70531
2019-11-17 07:00:14,86.23249,119.72487
2019-11-17 07:30:14,86.22829,119.74387
2019-11-17 08:00:15,86.22409,119.76104
2019-11-17 08:30:14,86.21991,119.77459
2019-11-17 09:00:14,86.21568,119.78194
2019-11-17 09:30:14,86.21143,119.78246
2019-11-17 10:00:14,86.20718,119.77609
2019-11-17 10:30:15,86.20283,119.76008
2019-11-17 11:00:14,86.19846,119.73185
2019-11-17 11:30:14,86.19408,119.69263
2019-11-17 12:00:14,86.18972,119.64468
2019-11-17 12:30:14,86.1854,119.59117
2019-11-17 13:00:15,86.18132,119.53526
2019-11-17 13:30:14,86.1776,119.47987
2019-11-17 14:00:14,86.17447,119.4308
2019-11-17 14:30:14,86.17196,119.39079
2019-11-17 15:00:14,86.17005,119.35979
2019-11-17 15:30:15,86.16795,119.33218
2019-11-17 16:00:14,86.16451,119.29213
2019-11-17 16:30:14,86.16084,119.25494
2019-11-17 17:00:14,86.15688,119.22432
2019-11-17 17:30:14,86.15231,119.19876
2019-11-17 18:00:15,86.14733,119.17125
2019-11-17 18:30:14,86.1422,119.13708
2019-11-17 19:00:14,86.13711,119.09572
2019-11-17 19:30:14,86.13208,119.05334
2019-11-17 20:00:14,86.12695,119.00961
2019-11-17 20:30:15,86.12165,118.96571
2019-11-17 21:00:14,86.11617,118.92067
2019-11-17 21:30:14,86.1106,118.87281
2019-11-17 22:00:14,86.1049,118.82082
2019-11-17 22:30:14,86.09917,118.76398
2019-11-17 23:00:14,86.09351,118.70364
2019-11-17 23:30:15,86.08804,118.63995
2019-11-18 00:00:14,86.08282,118.57339
2019-11-18 00:30:14,86.07788,118.50597
2019-11-18 01:00:14,86.07324,118.43951
2019-11-18 01:30:14,86.06893,118.37516
2019-11-18 02:00:15,86.06506,118.31317
2019-11-18 02:30:14,86.06139,118.25096
2019-11-18 03:00:14,86.05791,118.19459
2019-11-18 03:30:14,86.05457,118.14622
2019-11-18 04:00:14,86.05135,118.103
2019-11-18 04:30:15,86.0482,118.05875
2019-11-18 05:00:14,86.04504,118.0163
2019-11-18 05:30:14,86.04191,117.98065
2019-11-18 06:00:14,86.03889,117.94965
2019-11-18 06:30:14,86.03592,117.92376
2019-11-18 07:00:14,86.03288,117.90104
2019-11-18 07:30:15,86.02982,117.88008
2019-11-18 08:00:14,86.0267,117.85922
2019-11-18 08:30:14,86.02354,117.83769
2019-11-18 09:00:14,86.02049,117.81629
2019-11-18 09:30:14,86.01746,117.79414
2019-11-18 10:00:15,86.01434,117.7718
2019-11-18 10:30:14,86.01129,117.74749
2019-11-18 11:00:14,86.00833,117.72115
2019-11-18 11:30:14,86.00553,117.69293
2019-11-18 12:00:14,86.00309,117.66443
2019-11-18 12:30:15,86.00098,117.6356
2019-11-18 13:00:14,85.99925,117.60747
2019-11-18 13:30:14,85.99786,117.58077
2019-11-18 14:00:14,85.99674,117.55614
2019-11-18 14:30:14,85.9959,117.53416
2019-11-18 15:00:15,85.99527,117.51573
2019-11-18 15:30:14,85.99483,117.5026
2019-11-18 16:00:14,85.99456,117.49496
2019-11-18 16:30:14,85.99438,117.494
2019-11-18 17:00:14,85.99422,117.49824
2019-11-18 17:30:15,85.99394,117.5084
2019-11-18 18:00:14,85.99356,117.52354
2019-11-18 18:30:14,85.99306,117.54401
2019-11-18 19:00:14,85.9926,117.56756
2019-11-18 19:30:14,85.99203,117.59219
2019-11-18 20:00:15,85.99146,117.61774
2019-11-18 20:30:14,85.99087,117.64172
2019-11-18 21:00:14,85.9903,117.66229
2019-11-18 21:30:14,85.98978,117.67852
2019-11-18 22:00:14,85.98925,117.68988
2019-11-18 22:30:15,85.98877,117.6963
2019-11-18 23:00:14,85.98828,117.69868
2019-11-18 23:30:14,85.98779,117.69778
2019-11-19 00:00:14,85.98741,117.69423
2019-11-19 00:30:14,85.98723,117.68758
2019-11-19 01:00:15,85.9873,117.67905
2019-11-19 01:30:14,85.98764,117.67052
2019-11-19 02:00:14,85.9882,117.66507
2019-11-19 02:30:14,85.98885,117.66327
2019-11-19 03:00:14,85.98955,117.66708
2019-11-19 03:30:15,85.99026,117.67654
2019-11-19 04:00:14,85.99092,117.69238
2019-11-19 04:30:14,85.99149,117.71356
2019-11-19 05:00:14,85.99173,117.73611
2019-11-19 05:30:14,85.99178,117.76064
2019-11-19 06:00:15,85.99135,117.79041
2019-11-19 06:30:14,85.99072,117.8194
2019-11-19 07:00:14,85.98997,117.84869
2019-11-19 07:30:14,85.98908,117.87869
2019-11-19 08:00:14,85.98808,117.90846
2019-11-19 08:30:15,85.98696,117.93639
2019-11-19 09:00:14,85.98577,117.96156
2019-11-19 09:30:14,85.98452,117.98163
2019-11-19 10:00:14,85.98332,117.9967
2019-11-19 10:30:14,85.98215,118.00924
2019-11-19 11:00:14,85.98109,118.01955
2019-11-19 11:30:15,85.98013,118.02824
2019-11-19 12:00:14,85.97926,118.03642
2019-11-19 12:30:14,85.97833,118.04632
2019-11-19 13:00:14,85.97742,118.05871
2019-11-19 13:30:14,85.97655,118.07337
2019-11-19 14:00:15,85.97562,118.09124
2019-11-19 14:30:14,85.97444,118.11308
2019-11-19 15:00:14,85.9732,118.13888
2019-11-19 15:30:14,85.9717,118.16912
2019-11-19 16:00:14,85.97021,118.20242
2019-11-19 16:30:14,85.9686,118.24041
2019-11-19 17:00:15,85.96697,118.28288
2019-11-19 17:30:14,85.96526,118.32753
2019-11-19 18:00:14,85.96355,118.3719
2019-11-19 18:30:14,85.96178,118.41488
2019-11-19 19:00:14,85.96003,118.45618
2019-11-19 19:30:15,85.95828,118.49508
2019-11-19 20:00:14,85.95654,118.53172
2019-11-19 20:30:14,85.95485,118.56541
2019-11-19 21:00:14,85.95322,118.59604
2019-11-19 21:30:14,85.95171,118.62352
2019-11-19 22:00:14,85.95029,118.64808
2019-11-19 22:30:15,85.94905,118.66952
2019-11-19 23:00:14,85.94803,118.68852
2019-11-19 23:30:14,85.9473,118.70609
2019-11-20 00:00:14,85.94676,118.72313
2019-11-20 00:30:14,85.94641,118.74053
2019-11-20 01:00:15,85.94625,118.75787
2019-11-20 01:30:14,85.94641,118.77567
2019-11-20 02:00:14,85.94671,118.79389
2019-11-20 02:30:14,85.94728,118.81367
2019-11-20 03:00:14,85.94784,118.83412
2019-11-20 03:30:14,85.94848,118.85469
2019-11-20 04:00:15,85.94898,118.8728
2019-11-20 04:30:14,85.94925,118.88797
2019-11-20 05:00:14,85.94926,118.8998
2019-11-20 05:30:14,85.94903,118.90633
2019-11-20 06:00:14,85.94873,118.90971
2019-11-20 06:30:14,85.9484,118.91053
2019-11-20 07:00:15,85.94784,118.90997
2019-11-20 07:30:14,85.94723,118.90755
2019-11-20 08:00:14,85.94648,118.90221
2019-11-20 08:30:14,85.94566,118.89491
2019-11-20 09:00:14,85.94475,118.8847
2019-11-20 09:30:15,85.94373,118.87042
2019-11-20 10:00:14,85.94268,118.85285
2019-11-20 10:30:14,85.94165,118.83154
2019-11-20 11:00:14,85.9407,118.80693
2019-11-20 11:30:14,85.93997,118.782
2019-11-20 12:00:15,85.93944,118.7579
2019-11-20 12:30:14,85.93903,118.73511
2019-11-20 13:00:14,85.93869,118.71289
2019-11-20 13:30:14,85.93837,118.69129
2019-11-20 14:00:14,85.93813,118.67043
2019-11-20 14:30:15,85.93788,118.6507
2019-11-20 15:00:14,85.93764,118.63188
2019-11-20 15:30:14,85.93739,118.61548
2019-11-20 16:00:14,85.93708,118.60116
2019-11-20 16:30:14,85.93671,118.58878
2019-11-20 17:00:15,85.93623,118.5782
2019-11-20 17:30:14,85.93564,118.56976
2019-11-20 18:00:14,85.93494,118.56181
2019-11-20 18:30:14,85.93403,118.55185
2019-11-20 19:00:14,85.93298,118.5407
2019-11-20 19:30:15,85.93187,118.52955
2019-11-20 20:00:14,85.93066,118.51727
2019-11-20 20:30:14,85.92943,118.50282
2019-11-20 21:00:14,85.92808,118.48572
2019-11-20 21:30:14,85.92657,118.46526
2019-11-20 22:00:15,85.92508,118.44106
2019-11-20 22:30:14,85.92374,118.4152
2019-11-20 23:00:14,85.92242,118.38697
2019-11-20 23:30:14,85.9213,118.35599
2019-11-21 00:00:14,85.92046,118.32499
2019-11-21 00:30:15,85.91984,118.29594
2019-11-21 01:00:14,85.91941,118.26917
2019-11-21 01:30:14,85.91911,118.24497
2019-11-21 02:00:14,85.91882,118.22261
2019-11-21 02:30:14,85.9186,118.20249
2019-11-21 03:00:15,85.91839,118.18555
2019-11-21 03:30:14,85.91814,118.17087
2019-11-21 04:00:14,85.91787,118.159
2019-11-21 04:30:14,85.91761,118.14993
2019-11-21 05:00:14,85.91724,118.14294
2019-11-21 05:30:15,85.9168,118.13781
2019-11-21 06:00:14,85.91631,118.13379
2019-11-21 06:30:14,85.91576,118.13037
2019-11-21 07:00:14,85.91512,118.12648
2019-11-21 07:30:14,85.91444,118.12167
2019-11-21 08:00:15,85.91375,118.11653
2019-11-21 08:30:14,85.91308,118.11048
2019-11-21 09:00:14,85.9124,118.10281
2019-11-21 09:30:14,85.91179,118.09388
2019-11-21 10:00:14,85.91126,118.08377
2019-11-21 10:30:15,85.91081,118.07316
2019-11-21 11:00:14,85.91047,118.06283
2019-11-21 11:30:14,85.91013,118.05248
2019-11-21 12:00:14,85.90993,118.04123
2019-11-21 12:30:14,85.90978,118.02929
2019-11-21 13:00:15,85.90964,118.01735
2019-11-21 13:30:14,85.90958,118.00499
2019-11-21 14:00:14,85.90964,117.99352
2019-11-21 14:30:14,85.90976,117.98421
2019-11-21 15:00:14,85.9099,117.97707
2019-11-21 15:30:15,85.91004,117.97232
2019-11-21 16:00:14,85.91016,117.97004
2019-11-21 17:00:14,85.91008,117.9708
2019-11-21 17:30:14,85.9099,117.9724
2019-11-21 18:00:15,85.90961,117.97359
2019-11-21 18:30:14,85.90928,117.97373
2019-11-21 19:00:14,85.90887,117.97292
2019-11-21 19:30:14,85.90846,117.97152
2019-11-21 20:00:14,85.9081,117.96947
2019-11-21 20:30:15,85.90773,117.96695
2019-11-21 21:00:14,85.90737,117.96436
2019-11-21 21:30:14,85.90701,117.96098
2019-11-21 22:00:14,85.90664,117.95691
2019-11-21 22:30:14,85.90633,117.95149
2019-11-21 23:00:15,85.90604,117.94516
2019-11-21 23:30:14,85.90584,117.93833
2019-11-22 00:00:14,85.90575,117.9314
2019-11-22 00:30:14,85.90584,117.92426
2019-11-22 01:00:14,85.90611,117.91723
2019-11-22 01:30:15,85.90646,117.91128
2019-11-22 02:00:14,85.90681,117.9062
2019-11-22 02:30:14,85.90714,117.90193
2019-11-22 03:00:14,85.90742,117.89863
2019-11-22 03:30:14,85.90755,117.89658
2019-11-22 04:00:15,85.90759,117.896
2019-11-22 04:30:14,85.90749,117.89631
2019-11-22 05:00:14,85.90724,117.89631
2019-11-22 05:30:14,85.90688,117.89494
2019-11-22 06:00:14,85.90644,117.89182
2019-11-22 06:30:15,85.90591,117.88667
2019-11-22 07:00:14,85.90533,117.8792
2019-11-22 07:30:14,85.90475,117.86945
2019-11-22 08:00:14,85.90418,117.85713
2019-11-22 08:30:14,85.90364,117.8428
2019-11-22 09:00:15,85.90316,117.82531
2019-11-22 09:30:14,85.90279,117.8058
2019-11-22 10:00:14,85.90245,117.78369
2019-11-22 10:30:14,85.90221,117.76028
2019-11-22 11:00:14,85.90208,117.73516
2019-11-22 11:30:15,85.90205,117.70861
2019-11-22 12:00:14,85.90218,117.68157
2019-11-22 12:30:14,85.90248,117.65445
2019-11-22 13:00:14,85.90282,117.6283
2019-11-22 13:30:14,85.90334,117.60492
2019-11-22 14:00:15,85.90384,117.58405
2019-11-22 14:30:14,85.90429,117.56585
2019-11-22 15:00:14,85.90472,117.54971
2019-11-22 15:30:14,85.90504,117.53512
2019-11-22 16:00:14,85.90528,117.52244
2019-11-22 16:30:15,85.90541,117.51061
2019-11-22 17:00:14,85.90546,117.50045
2019-11-22 17:30:14,85.90537,117.49213
2019-11-22 18:00:14,85.90519,117.48488
2019-11-22 18:30:14,85.90492,117.47894
2019-11-22 19:00:15,85.90457,117.47248
2019-11-22 19:30:14,85.90414,117.46725
2019-11-22 20:00:14,85.90369,117.4613
2019-11-22 20:30:14,85.90324,117.45477
2019-11-22 21:00:15,85.9028,117.44766
2019-11-22 21:30:14,85.90245,117.43944
2019-11-22 22:00:14,85.90223,117.43002
2019-11-22 22:30:14,85.90213,117.42014
2019-11-22 23:00:14,85.90216,117.4099
2019-11-22 23:30:15,85.90231,117.39984
2019-11-23 00:00:14,85.90253,117.39004
2019-11-23 00:30:14,85.90282,117.38128
2019-11-23 01:00:14,85.90323,117.37407
2019-11-23 01:30:14,85.90361,117.3681
2019-11-23 02:00:15,85.90405,117.36544
2019-11-23 02:30:14,85.90452,117.36658
2019-11-23 03:00:14,85.90496,117.371
2019-11-23 03:30:14,85.90541,117.378
2019-11-23 04:00:14,85.90582,117.38718
2019-11-23 04:30:15,85.90612,117.39886
2019-11-23 05:00:14,85.90639,117.41145
2019-11-23 05:30:14,85.90662,117.42567
2019-11-23 06:00:14,85.90694,117.44027
2019-11-23 06:30:15,85.9072,117.45766
2019-11-23 07:00:14,85.90746,117.47557
2019-11-23 07:30:14,85.90783,117.49255
2019-11-23 08:00:14,85.9082,117.51083
2019-11-23 08:30:14,85.90869,117.52912
2019-11-23 09:00:15,85.90928,117.54744
2019-11-23 09:30:14,85.91004,117.56544
2019-11-23 10:00:14,85.91101,117.58216
2019-11-23 10:30:14,85.91224,117.59824
2019-11-23 11:00:15,85.9137,117.61385
2019-11-23 11:30:14,85.9154,117.6311
2019-11-23 12:00:14,85.91732,117.6506
2019-11-23 12:30:14,85.91946,117.67092
2019-11-23 13:00:14,85.92175,117.69265
2019-11-23 13:30:15,85.92419,117.71881
2019-11-23 14:00:14,85.92656,117.74948
2019-11-23 14:30:14,85.92912,117.78249
2019-11-23 15:00:14,85.93177,117.81543
2019-11-23 15:30:14,85.93446,117.85146
2019-11-23 16:00:15,85.93715,117.88944
2019-11-23 16:30:14,85.93974,117.92738
2019-11-23 17:00:14,85.94228,117.96401
2019-11-23 17:30:14,85.94484,118.0002
2019-11-23 18:00:15,85.94735,118.03394
2019-11-23 18:30:14,85.94978,118.06458
2019-11-23 19:00:14,85.95224,118.09417
2019-11-23 19:30:14,85.95486,118.12267
2019-11-23 20:00:14,85.95764,118.14667
2019-11-23 20:30:15,85.96056,118.16785
2019-11-23 21:00:14,85.96384,118.188
2019-11-23 21:30:14,85.96741,118.2058
2019-11-23 22:00:14,85.97129,118.2228
2019-11-23 22:30:14,85.97543,118.23936
2019-11-23 23:00:15,85.97974,118.25594
2019-11-23 23:30:14,85.98418,118.27133
2019-11-24 00:00:14,85.98877,118.28642
2019-11-24 00:30:14,85.99351,118.30172
2019-11-24 01:00:14,85.99829,118.31713
2019-11-24 01:30:15,86.00305,118.33341
2019-11-24 02:00:14,86.0078,118.35023
2019-11-24 02:30:14,86.01252,118.36747
2019-11-24 03:00:14,86.01719,118.38547
2019-11-24 03:30:14,86.02174,118.4045
2019-11-24 04:00:15,86.02611,118.42321
2019-11-24 04:30:14,86.0303,118.4409
2019-11-24 05:00:14,86.03429,118.45724
2019-11-24 05:30:14,86.03819,118.47166
2019-11-24 06:00:14,86.04189,118.48365
2019-11-24 06:30:15,86.04548,118.49274
2019-11-24 07:00:14,86.04894,118.4986
2019-11-24 07:30:14,86.05238,118.50233
2019-11-24 08:00:14,86.05568,118.50356
2019-11-24 08:30:14,86.05889,118.50204
2019-11-24 09:00:15,86.062,118.49722
2019-11-24 09:30:14,86.06496,118.4916
2019-11-24 10:00:14,86.06764,118.48523
2019-11-24 10:30:14,86.06982,118.47869
2019-11-24 11:00:14,86.07185,118.47176
2019-11-24 11:30:15,86.07384,118.46362
2019-11-24 12:00:14,86.0756,118.45449
2019-11-24 12:30:14,86.07726,118.44527
2019-11-24 13:00:14,86.07893,118.43629
2019-11-24 13:30:14,86.08063,118.42733
2019-11-24 14:00:15,86.08237,118.41789
2019-11-24 14:30:14,86.08413,118.40862
2019-11-24 15:00:14,86.086,118.39844
2019-11-24 15:30:14,86.08807,118.38689
2019-11-24 16:00:14,86.09049,118.37486
2019-11-24 16:30:15,86.09341,118.36492
2019-11-24 17:00:14,86.09656,118.35569
2019-11-24 17:30:14,86.09973,118.34444
2019-11-24 18:00:14,86.10289,118.33216
2019-11-24 18:30:14,86.10615,118.31786
2019-11-24 19:00:15,86.10944,118.30125
2019-11-24 19:30:14,86.11269,118.28192
2019-11-24 20:00:14,86.11599,118.2604
2019-11-24 20:30:14,86.11935,118.23671
2019-11-24 21:00:14,86.12286,118.21125
2019-11-24 21:30:15,86.12643,118.18501
2019-11-24 22:00:14,86.13,118.15791
2019-11-24 22:30:14,86.1336,118.13084
2019-11-24 23:00:14,86.13718,118.10388
2019-11-24 23:30:14,86.14073,118.07671
2019-11-25 00:00:15,86.14416,118.05012
2019-11-25 00:30:14,86.14744,118.02368
2019-11-25 01:00:14,86.15072,117.99754
2019-11-25 01:30:14,86.15407,117.97228
2019-11-25 02:00:14,86.15744,117.94862
2019-11-25 02:30:15,86.16085,117.92628
2019-11-25 03:00:14,86.16415,117.90392
2019-11-25 03:30:14,86.16741,117.88158
2019-11-25 04:00:14,86.17078,117.85872
2019-11-25 04:30:14,86.17412,117.83498
2019-11-25 05:00:15,86.17743,117.81017
2019-11-25 05:30:14,86.18085,117.78501
2019-11-25 06:00:14,86.18439,117.75847
2019-11-25 06:30:14,86.1879,117.73109
2019-11-25 07:00:14,86.19131,117.70322
2019-11-25 07:30:15,86.19464,117.67531
2019-11-25 08:00:14,86.19785,117.64771
2019-11-25 08:30:14,86.20094,117.61879
2019-11-25 09:00:14,86.20397,117.58875
2019-11-25 09:30:15,86.20691,117.55709
2019-11-25 10:00:14,86.20975,117.52543
2019-11-25 10:30:14,86.21253,117.49356
2019-11-25 11:00:14,86.21521,117.46208
2019-11-25 11:30:14,86.21784,117.43114
2019-11-25 12:00:15,86.2204,117.40105
2019-11-25 12:30:14,86.22288,117.37148
2019-11-25 13:00:14,86.2253,117.3426
2019-11-25 13:30:14,86.22771,117.31396
2019-11-25 14:00:15,86.23009,117.28625
2019-11-25 14:30:14,86.23245,117.25893
2019-11-25 15:00:14,86.23479,117.23196
2019-11-25 15:30:14,86.23707,117.20541
2019-11-25 16:00:14,86.23928,117.17856
2019-11-25 16:30:15,86.24146,117.15154
2019-11-25 17:00:14,86.24361,117.12432
2019-11-25 17:30:14,86.24574,117.09631
2019-11-25 18:00:14,86.24779,117.06821
2019-11-25 18:30:15,86.24973,117.03963
2019-11-25 19:00:14,86.25164,117.01
2019-11-25 19:30:14,86.25348,116.97935
2019-11-25 20:00:14,86.25529,116.94824
2019-11-25 20:30:14,86.25706,116.91611
2019-11-25 21:00:15,86.25884,116.88376
2019-11-25 21:30:14,86.2606,116.85081
2019-11-25 22:00:14,86.26231,116.81807
2019-11-25 22:30:14,86.26396,116.78519
2019-11-25 23:00:15,86.26561,116.75171
2019-11-25 23:30:14,86.26725,116.71915
2019-11-26 00:00:14,86.26873,116.68653
2019-11-26 00:30:14,86.27016,116.65359
2019-11-26 01:00:14,86.27152,116.62013
2019-11-26 01:30:15,86.27293,116.58687
2019-11-26 02:00:14,86.2742,116.55345
2019-11-26 02:30:14,86.27541,116.52023
2019-11-26 03:00:14,86.2766,116.48732
2019-11-26 03:30:15,86.27779,116.45509
2019-11-26 04:00:14,86.27885,116.4221
2019-11-26 04:30:14,86.27988,116.38929
2019-11-26 05:00:14,86.28084,116.35644
2019-11-26 05:30:14,86.2818,116.3233
2019-11-26 06:00:15,86.28268,116.28943
2019-11-26 06:30:14,86.28351,116.25539
2019-11-26 07:00:14,86.28431,116.22132
2019-11-26 07:30:14,86.28503,116.18667
2019-11-26 08:00:15,86.28571,116.15209
2019-11-26 08:30:14,86.28635,116.11776
2019-11-26 09:00:14,86.28693,116.08339
2019-11-26 09:30:14,86.28754,116.0491
2019-11-26 10:00:14,86.28817,116.01477
2019-11-26 10:30:15,86.28884,115.98044
2019-11-26 11:00:14,86.28945,115.9458
2019-11-26 11:30:14,86.29005,115.91149
2019-11-26 12:00:14,86.29043,115.87561
2019-11-26 12:30:15,86.29082,115.84058
2019-11-26 13:00:14,86.29123,115.80639
2019-11-26 13:30:14,86.29175,115.77338
2019-11-26 14:00:14,86.29211,115.73943
2019-11-26 14:30:15,86.29247,115.70605
2019-11-26 15:00:14,86.29282,115.67374
2019-11-26 15:30:14,86.29316,115.64253
2019-11-26 16:00:14,86.29366,115.61217
2019-11-26 16:30:15,86.29408,115.58147
2019-11-26 17:00:14,86.29437,115.55088
2019-11-26 17:30:14,86.29469,115.52045
2019-11-26 18:00:14,86.29504,115.49107
2019-11-26 18:30:15,86.2954,115.46225
2019-11-26 19:00:14,86.29594,115.43548
2019-11-26 19:30:14,86.29653,115.40932
2019-11-26 20:00:14,86.29708,115.38206
2019-11-26 20:30:14,86.29762,115.35522
2019-11-26 21:00:15,86.29826,115.32816
2019-11-26 21:30:14,86.2989,115.30103
2019-11-26 22:00:14,86.29956,115.27354
2019-11-26 22:30:14,86.30016,115.24564
2019-11-26 23:00:15,86.30076,115.2182
2019-11-26 23:30:14,86.30141,115.19106
2019-11-27 00:00:14,86.30206,115.16411
2019-11-27 00:30:14,86.30273,115.1377
2019-11-27 01:00:15,86.30334,115.11221
2019-11-27 01:30:14,86.30392,115.08727
2019-11-27 02:00:14,86.3045,115.06337
2019-11-27 02:30:14,86.30502,115.03983
2019-11-27 03:00:15,86.30555,115.01696
2019-11-27 03:30:14,86.30609,114.99471
2019-11-27 04:00:14,86.30664,114.97259
2019-11-27 04:30:14,86.3072,114.95089
2019-11-27 05:00:15,86.30773,114.92956
2019-11-27 05:30:14,86.30827,114.9082
2019-11-27 06:00:14,86.3088,114.88727
2019-11-27 06:30:14,86.30935,114.86578
2019-11-27 07:00:15,86.30988,114.84368
2019-11-27 07:30:14,86.3104,114.82169
2019-11-27 08:00:14,86.31094,114.79961
2019-11-27 08:30:14,86.31151,114.77647
2019-11-27 09:00:15,86.31219,114.75244
2019-11-27 09:30:14,86.31277,114.72839
2019-11-27 10:00:14,86.31333,114.70369
2019-11-27 10:30:14,86.31392,114.67786
2019-11-27 11:00:15,86.3144,114.65236
2019-11-27 11:30:14,86.3149,114.62766
2019-11-27 12:00:14,86.3154,114.60124
2019-11-27 12:30:14,86.3159,114.57308
2019-11-27 13:00:15,86.31635,114.54492
2019-11-27 13:30:14,86.3168,114.51636
2019-11-27 14:00:14,86.31717,114.48852
2019-11-27 14:30:14,86.31747,114.4621
2019-11-27 15:00:15,86.31777,114.4366
2019-11-27 15:30:14,86.318,114.41203
2019-11-27 16:00:14,86.31828,114.38872
2019-11-27 16:30:14,86.3185,114.36583
2019-11-27 17:00:15,86.31872,114.34448
2019-11-27 17:30:14,86.31896,114.32398
2019-11-27 18:00:14,86.3192,114.30273
2019-11-27 18:30:14,86.31945,114.28089
2019-11-27 19:00:15,86.31966,114.25804
2019-11-27 19:30:14,86.31986,114.23461
2019-11-27 20:00:14,86.32013,114.20916
2019-11-27 20:30:14,86.32048,114.1825
2019-11-27 21:00:15,86.32077,114.15603
2019-11-27 21:30:14,86.32101,114.12833
2019-11-27 22:00:14,86.32123,114.10028
2019-11-27 22:30:14,86.32139,114.07237
2019-11-27 23:00:15,86.32156,114.04425
2019-11-27 23:30:14,86.32166,114.01614
2019-11-28 00:00:14,86.32169,113.98776
2019-11-28 00:30:14,86.32161,113.95914
2019-11-28 01:00:15,86.32144,113.92992
2019-11-28 01:30:14,86.32121,113.90097
2019-11-28 02:00:14,86.32095,113.87261
2019-11-28 02:30:14,86.32063,113.8447
2019-11-28 03:00:15,86.32029,113.8172
2019-11-28 03:30:14,86.31998,113.79007
2019-11-28 04:00:14,86.31959,113.76315
2019-11-28 04:30:14,86.31918,113.73591
2019-11-28 05:00:15,86.31872,113.70912
2019-11-28 05:30:14,86.31823,113.68252
2019-11-28 06:00:14,86.31765,113.6554
2019-11-28 06:30:14,86.31702,113.62798
2019-11-28 07:00:15,86.31631,113.59978
2019-11-28 07:30:14,86.31554,113.57124
2019-11-28 08:00:14,86.31474,113.54079
2019-11-28 08:30:14,86.31392,113.50936
2019-11-28 09:00:15,86.31305,113.47576
2019-11-28 09:30:14,86.31226,113.4427
2019-11-28 10:00:14,86.31151,113.40952
2019-11-28 10:30:14,86.31076,113.37569
2019-11-28 11:00:15,86.30996,113.34113
2019-11-28 11:30:14,86.3092,113.30486
2019-11-28 12:00:14,86.30841,113.26946
2019-11-28 12:30:14,86.30755,113.22869
2019-11-28 13:00:15,86.30664,113.18673
2019-11-28 13:30:14,86.3056,113.14478
2019-11-28 14:00:14,86.30456,113.0992
2019-11-28 14:30:14,86.30345,113.05265
2019-11-28 15:00:15,86.30235,113.00776
2019-11-28 15:30:14,86.30116,112.96407
2019-11-28 16:00:14,86.29993,112.92078
2019-11-28 16:30:14,86.29865,112.87719
2019-11-28 17:00:15,86.29735,112.83555
2019-11-28 17:30:14,86.29589,112.78644
2019-11-28 18:00:14,86.29448,112.73418
2019-11-28 18:30:14,86.29304,112.68171
2019-11-28 19:00:15,86.29166,112.63044
2019-11-28 19:30:14,86.29034,112.57874
2019-11-28 20:00:14,86.289,112.52595
2019-11-28 20:30:14,86.28764,112.4724
2019-11-28 21:00:15,86.28633,112.4182
2019-11-28 21:30:14,86.28505,112.36382
2019-11-28 22:00:14,86.2838,112.30944
2019-11-28 22:30:14,86.28255,112.25551
2019-11-28 23:00:15,86.28132,112.20101
2019-11-28 23:30:14,86.28007,112.14756
2019-11-29 00:00:14,86.27877,112.09448
2019-11-29 00:30:14,86.27744,112.04125
2019-11-29 01:00:15,86.27605,111.98846
2019-11-29 01:30:14,86.27468,111.93569
2019-11-29 02:00:14,86.27325,111.88304
2019-11-29 02:30:14,86.27181,111.83048
2019-11-29 03:00:14,86.27035,111.77763
2019-11-29 03:30:15,86.26885,111.72432
2019-11-29 04:00:14,86.26736,111.67083
2019-11-29 04:30:14,86.26588,111.61665
2019-11-29 05:00:14,86.26443,111.56274
2019-11-29 05:30:15,86.263,111.50838
2019-11-29 06:00:14,86.2616,111.45428
2019-11-29 06:30:14,86.26027,111.39977
2019-11-29 07:00:14,86.25903,111.34545
2019-11-29 07:30:15,86.2579,111.29121
2019-11-29 08:00:14,86.25687,111.23746
2019-11-29 08:30:14,86.25591,111.18437
2019-11-29 09:00:14,86.25501,111.13171
2019-11-29 09:30:15,86.25414,111.07943
2019-11-29 10:00:14,86.2533,111.02782
2019-11-29 10:30:14,86.25248,110.97649
2019-11-29 11:00:14,86.25168,110.92561
2019-11-29 11:30:15,86.25091,110.87502
2019-11-29 12:00:14,86.25014,110.82462
2019-11-29 12:30:14,86.24939,110.7749
2019-11-29 13:00:14,86.24859,110.72623
2019-11-29 13:30:15,86.24767,110.6804
2019-11-29 14:00:14,86.24667,110.6385
2019-11-29 14:30:14,86.24551,110.59839
2019-11-29 15:00:14,86.24426,110.55949
2019-11-29 15:30:15,86.24294,110.52237
2019-11-29 16:00:14,86.24153,110.48718
2019-11-29 16:30:14,86.24005,110.45422
2019-11-29 17:00:14,86.23862,110.42101
2019-11-29 17:30:15,86.23709,110.38875
2019-11-29 18:00:14,86.23556,110.35592
2019-11-29 18:30:14,86.23402,110.32367
2019-11-29 19:00:14,86.23254,110.29147
2019-11-29 19:30:15,86.23104,110.25788
2019-11-29 20:00:14,86.22956,110.22434
2019-11-29 20:30:14,86.2281,110.18958
2019-11-29 21:00:14,86.22667,110.15676
2019-11-29 21:30:15,86.22535,110.12228
2019-11-29 22:00:14,86.22405,110.0891
2019-11-29 22:30:14,86.22276,110.05618
2019-11-29 23:00:14,86.2215,110.02365
2019-11-29 23:30:15,86.22021,109.99191
2019-11-30 00:00:14,86.21889,109.96156
2019-11-30 00:30:14,86.21751,109.9322
2019-11-30 01:00:14,86.21609,109.90363
2019-11-30 01:30:15,86.2146,109.87536
2019-11-30 02:00:14,86.21303,109.8482
2019-11-30 02:30:14,86.21139,109.82109
2019-11-30 03:00:14,86.20971,109.79505
2019-11-30 03:30:15,86.20798,109.76981
2019-11-30 04:00:14,86.20627,109.7467
2019-11-30 04:30:14,86.20448,109.72796
2019-11-30 05:00:14,86.20268,109.70937
2019-11-30 05:30:15,86.20084,109.69172
2019-11-30 06:00:14,86.19898,109.67442
2019-11-30 06:30:14,86.1972,109.65698
2019-11-30 07:00:14,86.19541,109.64044
2019-11-30 07:30:15,86.19368,109.62413
2019-11-30 08:00:14,86.19202,109.60895
2019-11-30 08:30:14,86.19035,109.59424
2019-11-30 09:00:14,86.18872,109.5797
2019-11-30 09:30:15,86.18712,109.5659
2019-11-30 10:00:14,86.18552,109.55316
2019-11-30 10:30:14,86.18389,109.54152
2019-11-30 11:00:14,86.18223,109.53112
2019-11-30 11:30:15,86.18053,109.5206
2019-11-30 12:00:14,86.17883,109.51025
2019-11-30 12:30:14,86.17708,109.50207
2019-11-30 13:00:14,86.17529,109.49345
2019-11-30 13:30:15,86.17344,109.48701
2019-11-30 14:00:14,86.17151,109.48224
2019-11-30 14:30:14,86.16952,109.47824
2019-11-30 15:00:14,86.16753,109.47505
2019-11-30 15:30:15,86.16554,109.47234
2019-11-30 16:00:14,86.16356,109.47025
2019-11-30 16:30:14,86.16152,109.46889
2019-11-30 17:00:14,86.15945,109.46812
2019-11-30 17:30:15,86.15746,109.4677
2019-11-30 18:00:14,86.15544,109.46784
2019-11-30 18:30:14,86.15348,109.4676
2019-11-30 19:00:14,86.15157,109.4678
2019-11-30 19:30:15,86.14972,109.46909
2019-11-30 20:00:14,86.14788,109.47075
2019-11-30 20:30:14,86.1461,109.473
2019-11-30 21:00:14,86.14435,109.47565
2019-11-30 21:30:15,86.14262,109.47929
2019-11-30 22:00:14,86.14092,109.48377
2019-11-30 22:30:14,86.13924,109.48908
2019-11-30 23:00:14,86.13756,109.49579
2019-11-30 23:30:15,86.13586,109.50378
2019-12-01 00:00:14,86.13408,109.51559
2019-12-01 00:30:14,86.13251,109.52945
2019-12-01 01:00:14,86.13084,109.54312
2019-12-01 01:30:15,86.12923,109.55814
2019-12-01 02:00:14,86.12762,109.57521
2019-12-01 02:30:14,86.12591,109.59319
2019-12-01 03:00:14,86.12413,109.61145
2019-12-01 03:30:15,86.12236,109.63033
2019-12-01 04:00:14,86.12057,109.64899
2019-12-01 04:30:14,86.11883,109.6678
2019-12-01 05:00:14,86.11713,109.68671
2019-12-01 05:30:14,86.11551,109.70583
2019-12-01 06:00:15,86.11392,109.72527
2019-12-01 06:30:14,86.11234,109.74544
2019-12-01 07:00:14,86.11076,109.76588
2019-12-01 07:30:14,86.10922,109.78628
2019-12-01 08:00:15,86.10773,109.80716
2019-12-01 08:30:14,86.10622,109.82795
2019-12-01 09:00:14,86.10471,109.84863
2019-12-01 09:30:14,86.10317,109.86894
2019-12-01 10:00:15,86.10162,109.88877
2019-12-01 10:30:14,86.10003,109.90813
2019-12-01 11:00:14,86.0984,109.92693
2019-12-01 11:30:14,86.09673,109.94489
2019-12-01 12:00:14,86.095,109.9618
2019-12-01 12:30:15,86.09322,109.97781
2019-12-01 13:00:14,86.09142,109.99277
2019-12-01 13:30:14,86.08958,110.00658
2019-12-01 14:00:14,86.08768,110.01971
2019-12-01 14:30:15,86.08582,110.03216
2019-12-01 15:00:14,86.08395,110.0443
2019-12-01 15:30:14,86.08208,110.05625
2019-12-01 16:00:14,86.08022,110.06779
2019-12-01 16:30:15,86.07844,110.079
2019-12-01 17:00:14,86.07674,110.09039
2019-12-01 17:30:14,86.07515,110.10228
2019-12-01 18:00:14,86.07368,110.11472
2019-12-01 18:30:14,86.07233,110.1278
2019-12-01 19:00:15,86.07111,110.14149
2019-12-01 19:30:14,86.07008,110.15588
2019-12-01 20:00:14,86.06923,110.17092
2019-12-01 20:30:14,86.0685,110.18649
2019-12-01 21:00:15,86.06793,110.20297
2019-12-01 21:30:14,86.0675,110.21986
2019-12-01 22:00:14,86.06722,110.23766
2019-12-01 22:30:14,86.06704,110.25603
2019-12-01 23:00:15,86.06691,110.27463
2019-12-01 23:30:14,86.06684,110.29353
2019-12-02 00:00:14,86.06681,110.31274
2019-12-02 00:30:14,86.0668,110.3317
2019-12-02 01:00:15,86.0668,110.35089
2019-12-02 01:30:14,86.06683,110.36999
2019-12-02 02:00:14,86.06686,110.38888
2019-12-02 02:30:14,86.06688,110.40764
2019-12-02 03:00:15,86.06691,110.42668
2019-12-02 03:30:14,86.06697,110.44584
2019-12-02 04:00:14,86.06702,110.4651
2019-12-02 04:30:14,86.06705,110.48473
2019-12-02 05:00:15,86.06711,110.50467
2019-12-02 05:30:14,86.06717,110.52483
2019-12-02 06:00:14,86.06724,110.54514
2019-12-02 06:30:14,86.06733,110.56554
2019-12-02 07:00:15,86.06749,110.58623
2019-12-02 07:30:14,86.06772,110.60736
2019-12-02 08:00:14,86.06805,110.62862
2019-12-02 08:30:14,86.06845,110.65029
2019-12-02 09:00:15,86.06896,110.67235
2019-12-02 09:30:14,86.06956,110.69453
2019-12-02 10:00:14,86.0702,110.71681
2019-12-02 10:30:14,86.07096,110.73888
2019-12-02 11:00:15,86.07182,110.76125
2019-12-02 11:30:14,86.07276,110.78389
2019-12-02 12:00:14,86.07383,110.80736
2019-12-02 12:30:14,86.07497,110.83179
2019-12-02 13:00:15,86.07619,110.85715
2019-12-02 13:30:14,86.07748,110.88297
2019-12-02 14:00:14,86.07879,110.91171
2019-12-02 14:30:14,86.08017,110.94138
2019-12-02 15:00:15,86.08161,110.97382
2019-12-02 15:30:14,86.08313,111.00647
2019-12-02 16:00:14,86.08471,111.0397
2019-12-02 16:30:14,86.0863,111.07469
2019-12-02 17:00:15,86.088,111.11108
2019-12-02 17:30:14,86.08976,111.14924
2019-12-02 18:00:14,86.0916,111.18896
2019-12-02 18:30:14,86.09354,111.23052
2019-12-02 19:00:15,86.09554,111.27411
2019-12-02 19:30:14,86.09761,111.31888
2019-12-02 20:00:14,86.09978,111.36525
2019-12-02 20:30:14,86.10212,111.41037
2019-12-02 21:00:15,86.10458,111.45753
2019-12-02 21:30:14,86.10716,111.50585
2019-12-02 22:00:14,86.1098,111.55584
2019-12-02 22:30:14,86.11255,111.60722
2019-12-02 23:00:15,86.11539,111.65916
2019-12-02 23:30:14,86.11831,111.71203
2019-12-03 00:00:14,86.12125,111.76577
2019-12-03 00:30:14,86.12416,111.82037
2019-12-03 01:00:14,86.12705,111.8756
2019-12-03 01:30:15,86.12996,111.93121
2019-12-03 02:00:14,86.13281,111.9875
2019-12-03 02:30:14,86.13561,112.04408
2019-12-03 03:00:14,86.13837,112.10132
2019-12-03 03:30:15,86.14111,112.15842
2019-12-03 04:00:14,86.14383,112.21448
2019-12-03 04:30:14,86.14648,112.27129
2019-12-03 05:00:14,86.14912,112.32744
2019-12-03 05:30:14,86.15172,112.38349
2019-12-03 06:00:15,86.15429,112.43936
2019-12-03 06:30:14,86.15688,112.49584
2019-12-03 07:00:14,86.15951,112.55222
2019-12-03 07:30:14,86.16203,112.60927
2019-12-03 08:00:15,86.16454,112.66593
2019-12-03 08:30:14,86.16708,112.72329
2019-12-03 09:00:14,86.16962,112.78028
2019-12-03 09:30:14,86.17208,112.83737
2019-12-03 10:00:14,86.17447,112.89419
2019-12-03 10:30:15,86.17685,112.95124
2019-12-03 11:00:14,86.17921,113.00716
2019-12-03 11:30:14,86.18139,113.06303
2019-12-03 12:00:14,86.18362,113.11712
2019-12-03 12:30:14,86.18587,113.17014
2019-12-03 13:00:15,86.1881,113.22282
2019-12-03 13:30:14,86.19029,113.27551
2019-12-03 14:00:14,86.19256,113.32751
2019-12-03 14:30:14,86.19485,113.37907
2019-12-03 15:00:15,86.19719,113.43076
2019-12-03 15:30:14,86.19968,113.48133
2019-12-03 16:00:14,86.20216,113.53157
2019-12-03 16:30:14,86.20458,113.5825
2019-12-03 17:00:14,86.20708,113.6339
2019-12-03 17:30:15,86.20957,113.68592
2019-12-03 18:00:14,86.21196,113.73775
2019-12-03 18:30:14,86.21421,113.7888
2019-12-03 19:00:14,86.21644,113.83981
2019-12-03 19:30:14,86.21872,113.88957
2019-12-03 20:00:15,86.22083,113.94004
2019-12-03 20:30:14,86.22298,113.98946
2019-12-03 21:00:14,86.22509,114.03922
2019-12-03 21:30:14,86.22733,114.08808
2019-12-03 22:00:15,86.22955,114.13709
2019-12-03 22:30:14,86.23167,114.18591
2019-12-03 23:00:14,86.23364,114.23445
2019-12-03 23:30:14,86.2356,114.28335
2019-12-04 00:00:14,86.23741,114.33273
2019-12-04 00:30:15,86.2393,114.38237
2019-12-04 01:00:14,86.24123,114.43369
2019-12-04 01:30:14,86.24313,114.48421
2019-12-04 02:00:14,86.24504,114.53517
2019-12-04 02:30:14,86.24692,114.58627
2019-12-04 03:00:15,86.24877,114.63789
2019-12-04 03:30:14,86.25061,114.68996
2019-12-04 04:00:14,86.25237,114.74268
2019-12-04 04:30:14,86.25407,114.79624
2019-12-04 05:00:15,86.25573,114.85075
2019-12-04 05:30:14,86.25732,114.9063
2019-12-04 06:00:14,86.2589,114.96256
2019-12-04 06:30:14,86.26033,115.01903
2019-12-04 07:00:14,86.26177,115.07648
2019-12-04 07:30:15,86.26318,115.13422
2019-12-04 08:00:14,86.26423,115.19191
2019-12-04 08:30:14,86.26524,115.24921
2019-12-04 09:00:14,86.26628,115.30592
2019-12-04 09:30:14,86.26732,115.36077
2019-12-04 10:00:15,86.26846,115.41432
2019-12-04 10:30:14,86.26972,115.4662
2019-12-04 11:00:14,86.27103,115.51673
2019-12-04 11:30:14,86.2724,115.56606
2019-12-04 12:00:15,86.2738,115.61481
2019-12-04 12:30:14,86.27522,115.66341
2019-12-04 13:00:14,86.27675,115.71189
2019-12-04 13:30:14,86.27831,115.76057
2019-12-04 14:00:14,86.27989,115.81019
2019-12-04 14:30:15,86.28149,115.86098
2019-12-04 15:00:14,86.28301,115.91327
2019-12-04 15:30:14,86.28449,115.96724
2019-12-04 16:00:14,86.28572,116.02433
2019-12-04 16:30:14,86.28683,116.0832
2019-12-04 17:00:15,86.28785,116.14285
2019-12-04 17:30:14,86.28881,116.20279
2019-12-04 18:00:14,86.2897,116.26275
2019-12-04 18:30:14,86.29049,116.32301
2019-12-04 19:00:15,86.29121,116.38321
2019-12-04 19:30:14,86.29188,116.44231
2019-12-04 20:00:14,86.29256,116.49913
2019-12-04 20:30:14,86.29323,116.55302
2019-12-04 21:00:14,86.29391,116.60412
2019-12-04 21:30:15,86.29466,116.65282
2019-12-04 22:00:14,86.29546,116.69964
2019-12-04 22:30:14,86.29633,116.74525
2019-12-04 23:00:14,86.29733,116.79048
2019-12-04 23:30:15,86.29844,116.83576
2019-12-05 00:00:14,86.29963,116.88128
2019-12-05 00:30:14,86.30093,116.92715
2019-12-05 01:00:14,86.30228,116.97324
2019-12-05 01:30:14,86.30367,117.02023
2019-12-05 02:00:15,86.30507,117.0685
2019-12-05 02:30:14,86.30634,117.11867
2019-12-05 03:00:14,86.30766,117.17027
2019-12-05 03:30:14,86.30887,117.22313
2019-12-05 04:00:15,86.30996,117.27737
2019-12-05 04:30:14,86.31096,117.33218
2019-12-05 05:00:14,86.31185,117.38708
2019-12-05 05:30:14,86.31268,117.44151
2019-12-05 06:00:14,86.31342,117.49629
2019-12-05 06:30:15,86.31406,117.55097
2019-12-05 07:00:14,86.31463,117.60513
2019-12-05 07:30:14,86.31515,117.65817
2019-12-05 08:00:14,86.31554,117.71
2019-12-05 08:30:15,86.31586,117.76004
2019-12-05 09:00:14,86.31629,117.80843
2019-12-05 09:30:14,86.31676,117.8559
2019-12-05 10:00:14,86.31713,117.90186
2019-12-05 10:30:14,86.31748,117.9464
2019-12-05 11:00:15,86.31776,117.98978
2019-12-05 11:30:14,86.31821,118.03201
2019-12-05 12:00:14,86.31866,118.07389
2019-12-05 12:30:14,86.31912,118.11573
2019-12-05 13:00:15,86.31968,118.15803
2019-12-05 13:30:14,86.32021,118.20045
2019-12-05 14:00:14,86.32073,118.24361
2019-12-05 14:30:14,86.32127,118.28768
2019-12-05 15:00:14,86.32176,118.3322
2019-12-05 15:30:15,86.32217,118.37743
2019-12-05 16:00:14,86.32248,118.4231
2019-12-05 16:30:14,86.32271,118.46861
2019-12-05 17:00:14,86.32292,118.51373
2019-12-05 17:30:15,86.323,118.55898
2019-12-05 18:00:14,86.32301,118.60251
2019-12-05 18:30:14,86.32288,118.64455
2019-12-05 19:00:14,86.32262,118.68542
2019-12-05 19:30:14,86.32227,118.72495
2019-12-05 20:00:15,86.32191,118.76276
2019-12-05 20:30:14,86.32153,118.79851
2019-12-05 21:00:14,86.32117,118.83232
2019-12-05 21:30:14,86.32079,118.86385
2019-12-05 22:00:15,86.3205,118.89285
2019-12-05 22:30:14,86.32034,118.91923
2019-12-05 23:00:14,86.32025,118.9435
2019-12-05 23:30:14,86.32023,118.96653
2019-12-06 00:00:14,86.32029,118.98849
2019-12-06 00:30:15,86.32043,119.00981
2019-12-06 01:00:14,86.32059,119.03055
2019-12-06 01:30:14,86.32077,119.05042
2019-12-06 02:00:14,86.32092,119.06977
2019-12-06 02:30:15,86.32107,119.08915
2019-12-06 03:00:14,86.32123,119.10863
2019-12-06 03:30:14,86.32133,119.12812
2019-12-06 04:00:14,86.32145,119.1479
2019-12-06 04:30:15,86.32145,119.16787
2019-12-06 05:00:14,86.32145,119.18694
2019-12-06 05:30:14,86.32144,119.20488
2019-12-06 06:00:14,86.32139,119.22166
2019-12-06 06:30:14,86.32127,119.23687
2019-12-06 07:00:15,86.32114,119.25039
2019-12-06 07:30:14,86.32104,119.26222
2019-12-06 08:00:14,86.32096,119.27236
2019-12-06 08:30:14,86.32088,119.28098
2019-12-06 09:00:15,86.32079,119.28758
2019-12-06 09:30:14,86.32072,119.2933
2019-12-06 10:00:14,86.32069,119.29749
2019-12-06 10:30:14,86.32075,119.30026
2019-12-06 11:00:15,86.32088,119.30199
2019-12-06 11:30:14,86.32107,119.30279
2019-12-06 12:00:14,86.32132,119.30265
2019-12-06 12:30:14,86.32166,119.30227
2019-12-06 13:00:15,86.32211,119.30157
2019-12-06 13:30:14,86.32257,119.30103
2019-12-06 14:00:14,86.32301,119.30058
2019-12-06 14:30:14,86.32359,119.30006
2019-12-06 15:00:15,86.32417,119.29939
2019-12-06 15:30:14,86.32472,119.29773
2019-12-06 16:00:14,86.32528,119.29614
2019-12-06 16:30:14,86.32578,119.29596
2019-12-06 17:00:15,86.32632,119.29676
2019-12-06 17:30:14,86.3268,119.29749
2019-12-06 18:00:14,86.32722,119.29762
2019-12-06 18:30:14,86.32758,119.2978
2019-12-06 19:00:15,86.32792,119.29784
2019-12-06 19:30:14,86.32817,119.29689
2019-12-06 20:00:14,86.3284,119.29523
2019-12-06 20:30:14,86.3286,119.29271
2019-12-06 21:00:15,86.32881,119.28892
2019-12-06 21:30:14,86.32906,119.285
2019-12-06 22:00:14,86.32931,119.27944
2019-12-06 22:30:14,86.3296,119.27254
2019-12-06 23:00:15,86.32996,119.26496
2019-12-06 23:30:14,86.3304,119.25723
2019-12-07 00:00:14,86.33091,119.24899
2019-12-07 00:30:14,86.33148,119.24046
2019-12-07 01:00:15,86.33209,119.23138
2019-12-07 01:30:14,86.33276,119.22284
2019-12-07 02:00:14,86.33353,119.2149
2019-12-07 02:30:14,86.33429,119.20708
2019-12-07 03:00:15,86.33509,119.20029
2019-12-07 03:30:14,86.33591,119.19511
2019-12-07 04:00:14,86.33668,119.1907
2019-12-07 04:30:14,86.33746,119.18829
2019-12-07 05:00:15,86.33814,119.18519
2019-12-07 05:30:14,86.33884,119.18224
2019-12-07 06:00:14,86.33958,119.18013
2019-12-07 06:30:14,86.34024,119.17752
2019-12-07 07:00:15,86.34088,119.17433
2019-12-07 07:30:14,86.34158,119.17184
2019-12-07 08:00:14,86.34226,119.16891
2019-12-07 08:30:14,86.34295,119.16591
2019-12-07 09:00:15,86.34365,119.16238
2019-12-07 09:30:14,86.34435,119.15752
2019-12-07 10:00:14,86.345,119.15122
2019-12-07 10:30:14,86.3457,119.14368
2019-12-07 11:00:15,86.34645,119.13513
2019-12-07 11:30:14,86.34727,119.12593
2019-12-07 12:00:14,86.34821,119.11616
2019-12-07 12:30:14,86.34932,119.10648
2019-12-07 13:00:15,86.35059,119.09792
2019-12-07 13:30:14,86.35189,119.08894
2019-12-07 14:00:14,86.35323,119.0806
2019-12-07 14:30:14,86.35464,119.07207
2019-12-07 15:00:15,86.35612,119.06167
2019-12-07 15:30:14,86.35776,119.05125
2019-12-07 16:00:14,86.35954,119.04053
2019-12-07 16:30:14,86.36134,119.02882
2019-12-07 17:00:15,86.36319,119.01592
2019-12-07 17:30:14,86.36514,119.00335
2019-12-07 18:00:14,86.3671,118.98896
2019-12-07 18:30:14,86.36915,118.97213
2019-12-07 19:00:15,86.37119,118.95304
2019-12-07 19:30:14,86.3732,118.93182
2019-12-07 20:00:14,86.37556,118.9072
2019-12-07 20:30:14,86.37796,118.88036
2019-12-07 21:00:15,86.38056,118.8512
2019-12-07 21:30:14,86.38342,118.81673
2019-12-07 22:00:14,86.38656,118.77892
2019-12-07 22:30:14,86.38998,118.73937
2019-12-07 23:00:15,86.39353,118.69807
2019-12-07 23:30:14,86.39722,118.65688
2019-12-08 00:00:14,86.40089,118.61668
2019-12-08 00:30:14,86.40455,118.57824
2019-12-08 01:00:15,86.40817,118.54241
2019-12-08 01:30:14,86.41179,118.50974
2019-12-08 02:00:14,86.41534,118.48022
2019-12-08 02:30:14,86.41887,118.45348
2019-12-08 03:00:15,86.42236,118.42886
2019-12-08 03:30:14,86.42584,118.40665
2019-12-08 04:00:14,86.42927,118.38716
2019-12-08 04:30:14,86.43266,118.37015
2019-12-08 05:00:15,86.43594,118.35485
2019-12-08 05:30:14,86.43915,118.33994
2019-12-08 06:00:14,86.44225,118.32558
2019-12-08 06:30:14,86.44529,118.31168
2019-12-08 07:00:15,86.44828,118.29794
2019-12-08 07:30:14,86.45119,118.28385
2019-12-08 08:00:14,86.45404,118.26942
2019-12-08 08:30:14,86.45684,118.25446
2019-12-08 09:00:15,86.45959,118.23896
2019-12-08 09:30:14,86.46232,118.22328
2019-12-08 10:00:14,86.46504,118.2067
2019-12-08 10:30:14,86.46779,118.18969
2019-12-08 11:00:15,86.47057,118.17255
2019-12-08 11:30:14,86.47343,118.15525
2019-12-08 12:00:14,86.47633,118.13827
2019-12-08 12:30:14,86.47933,118.12168
2019-12-08 13:00:15,86.48238,118.10571
2019-12-08 13:30:14,86.48548,118.09005
2019-12-08 14:00:14,86.48857,118.07417
2019-12-08 14:30:14,86.49168,118.0596
2019-12-08 15:00:15,86.49477,118.0466
2019-12-08 15:30:14,86.49784,118.03642
2019-12-08 16:00:14,86.5008,118.02796
2019-12-08 16:30:14,86.50371,118.02016
2019-12-08 17:00:15,86.50656,118.01328
2019-12-08 17:30:14,86.50931,118.00684
2019-12-08 18:00:14,86.51192,117.9995
2019-12-08 18:30:14,86.51447,117.99333
2019-12-08 19:00:15,86.51696,117.98744
2019-12-08 19:30:14,86.51935,117.98096
2019-12-08 20:00:14,86.52165,117.9725
2019-12-08 20:30:14,86.52392,117.96305
2019-12-08 21:00:15,86.52618,117.95252
2019-12-08 21:30:14,86.52841,117.94102
2019-12-08 22:00:14,86.53066,117.92845
2019-12-08 22:30:14,86.53289,117.91515
2019-12-08 23:00:15,86.5351,117.90131
2019-12-08 23:30:14,86.53729,117.8868
2019-12-09 00:00:14,86.53954,117.87267
2019-12-09 00:30:14,86.5418,117.85843
2019-12-09 01:00:15,86.54416,117.84454
2019-12-09 01:30:14,86.54653,117.83121
2019-12-09 02:00:14,86.5489,117.81865
2019-12-09 02:30:14,86.55125,117.80672
2019-12-09 03:00:15,86.55361,117.79498
2019-12-09 03:30:14,86.55596,117.78353
2019-12-09 04:00:14,86.55832,117.77235
2019-12-09 04:30:14,86.56069,117.7616
2019-12-09 05:00:15,86.56305,117.75072
2019-12-09 05:30:14,86.56547,117.74024
2019-12-09 06:00:14,86.56777,117.72896
2019-12-09 06:30:14,86.57007,117.71806
2019-12-09 07:00:15,86.57232,117.70737
2019-12-09 07:30:14,86.57448,117.69703
2019-12-09 08:00:14,86.57661,117.68605
2019-12-09 08:30:14,86.5787,117.67528
2019-12-09 09:00:15,86.58077,117.66418
2019-12-09 09:30:14,86.58286,117.65279
2019-12-09 10:00:14,86.58491,117.64144
2019-12-09 10:30:14,86.58701,117.63092
2019-12-09 11:00:15,86.58913,117.62074
2019-12-09 11:30:14,86.59122,117.61136
2019-12-09 12:00:14,86.59324,117.60248
2019-12-09 12:30:14,86.59538,117.59445
2019-12-09 13:00:15,86.59756,117.5871
2019-12-09 13:30:14,86.59978,117.58159
2019-12-09 14:00:14,86.60205,117.57787
2019-12-09 14:30:14,86.60423,117.57501
2019-12-09 15:00:15,86.6064,117.57392
2019-12-09 15:30:14,86.60849,117.57323
2019-12-09 16:00:14,86.61047,117.57328
2019-12-09 16:30:14,86.61252,117.57515
2019-12-09 17:00:15,86.61457,117.57705
2019-12-09 17:30:14,86.6166,117.57804
2019-12-09 18:00:14,86.61853,117.57885
2019-12-09 18:30:14,86.62045,117.57913
2019-12-09 19:00:15,86.62244,117.57881
2019-12-09 19:30:14,86.62434,117.57674
2019-12-09 20:00:14,86.62624,117.57392
2019-12-09 20:30:14,86.62811,117.57045
2019-12-09 21:00:15,86.62992,117.56549
2019-12-09 21:30:14,86.63184,117.55944
2019-12-09 22:00:14,86.63383,117.55375
2019-12-09 22:30:14,86.63593,117.54787
2019-12-09 23:00:15,86.63804,117.54337
2019-12-09 23:30:14,86.63998,117.53938
2019-12-10 00:00:14,86.64204,117.53683
2019-12-10 00:30:14,86.64419,117.53528
2019-12-10 01:00:15,86.6464,117.53596
2019-12-10 01:30:14,86.64869,117.53785
2019-12-10 02:00:14,86.65108,117.54129
2019-12-10 02:30:14,86.65345,117.54548
2019-12-10 03:00:15,86.65576,117.54836
2019-12-10 03:30:14,86.6581,117.55479
2019-12-10 04:00:14,86.66048,117.56173
2019-12-10 04:30:14,86.6629,117.57005
2019-12-10 05:00:15,86.66518,117.57868
2019-12-10 05:30:14,86.66743,117.58746
2019-12-10 06:00:14,86.66962,117.59723
2019-12-10 06:30:14,86.67169,117.60522
2019-12-10 07:00:15,86.67365,117.6115
2019-12-10 07:30:14,86.67558,117.61789
2019-12-10 08:00:14,86.67745,117.62291
2019-12-10 08:30:14,86.67918,117.62664
2019-12-10 09:00:14,86.68088,117.63026
2019-12-10 09:30:15,86.68253,117.63481
2019-12-10 10:00:14,86.68414,117.63789
2019-12-10 10:30:14,86.68568,117.63932
2019-12-10 11:00:14,86.68716,117.64059
2019-12-10 11:30:15,86.68867,117.64091
2019-12-10 12:00:14,86.6902,117.64082
2019-12-10 12:30:14,86.69181,117.64066
2019-12-10 13:00:14,86.69343,117.64017
2019-12-10 13:30:15,86.69511,117.63973
2019-12-10 14:00:14,86.69671,117.63665
2019-12-10 14:30:14,86.6983,117.6342
2019-12-10 15:00:14,86.69999,117.6328
2019-12-10 15:30:15,86.70158,117.63026
2019-12-10 16:00:14,86.70315,117.62856
2019-12-10 16:30:14,86.7047,117.62589
2019-12-10 17:00:14,86.70634,117.6217
2019-12-10 17:30:14,86.70804,117.61568
2019-12-10 18:00:15,86.7098,117.60928
2019-12-10 18:30:14,86.71166,117.6021
2019-12-10 19:00:14,86.71351,117.59228
2019-12-10 19:30:14,86.71542,117.58224
2019-12-10 20:00:15,86.71724,117.57323
2019-12-10 20:30:14,86.719,117.56168
2019-12-10 21:00:14,86.7207,117.54821
2019-12-10 21:30:14,86.72247,117.53117
2019-12-10 22:00:15,86.72439,117.51591
2019-12-10 22:30:14,86.7264,117.50193
2019-12-10 23:00:14,86.72812,117.48489
2019-12-10 23:30:14,86.72974,117.46785
2019-12-11 00:00:15,86.73138,117.45354
2019-12-11 00:30:14,86.73297,117.44138
2019-12-11 01:00:14,86.73447,117.43091
2019-12-11 01:30:14,86.73593,117.4231
2019-12-11 02:00:15,86.73741,117.41561
2019-12-11 02:30:14,86.73889,117.4083
2019-12-11 03:00:14,86.74041,117.40279
2019-12-11 03:30:14,86.74183,117.39674
2019-12-11 04:00:15,86.74321,117.39189
2019-12-11 04:30:14,86.74448,117.3848
2019-12-11 05:00:14,86.74569,117.3758
2019-12-11 05:30:14,86.747,117.36748
2019-12-11 06:00:15,86.74836,117.35692
2019-12-11 06:30:14,86.74963,117.34723
2019-12-11 07:00:14,86.75089,117.33805
2019-12-11 07:30:14,86.75219,117.32854
2019-12-11 08:00:15,86.75341,117.31628
2019-12-11 08:30:14,86.75464,117.30375
2019-12-11 09:00:14,86.75583,117.28995
2019-12-11 09:30:14,86.75694,117.27279
2019-12-11 10:00:15,86.75809,117.2589
2019-12-11 10:30:14,86.75927,117.24409
2019-12-11 11:00:14,86.76048,117.2314
2019-12-11 11:30:14,86.76172,117.22036
2019-12-11 12:00:15,86.76263,117.20392
2019-12-11 12:30:14,86.76369,117.18917
2019-12-11 13:00:14,86.76498,117.17587
2019-12-11 13:30:14,86.76614,117.15956
2019-12-11 14:00:15,86.76724,117.14182
2019-12-11 14:30:14,86.7683,117.12492
2019-12-11 15:00:14,86.76948,117.10817
2019-12-11 15:30:14,86.77052,117.08848
2019-12-11 16:00:15,86.77139,117.06696
2019-12-11 16:30:14,86.77222,117.04653
2019-12-11 17:00:14,86.77303,117.02584
2019-12-11 17:30:14,86.77381,117.00619
2019-12-11 18:00:15,86.77488,116.99007
2019-12-11 18:30:14,86.77595,116.97396
2019-12-11 19:00:14,86.77712,116.96087
2019-12-11 19:30:14,86.77824,116.94903
2019-12-11 20:00:15,86.77923,116.93667
2019-12-11 20:30:14,86.78017,116.92465
2019-12-11 21:00:14,86.78098,116.91048
2019-12-11 21:30:14,86.78169,116.89589
2019-12-11 22:00:15,86.78235,116.88169
2019-12-11 22:30:14,86.78299,116.86887
2019-12-11 23:00:14,86.78357,116.85455
2019-12-11 23:30:14,86.78413,116.84015
2019-12-12 00:00:15,86.78472,116.82722
2019-12-12 00:30:14,86.78533,116.81453
2019-12-12 01:00:14,86.78584,116.8016
2019-12-12 01:30:14,86.78629,116.78838
2019-12-12 02:00:15,86.78671,116.77483
2019-12-12 02:30:14,86.78706,116.76118
2019-12-12 03:00:14,86.7874,116.74708
2019-12-12 03:30:14,86.78769,116.73284
2019-12-12 04:00:15,86.78796,116.71893
2019-12-12 04:30:14,86.78819,116.70547
2019-12-12 05:00:14,86.7884,116.69254
2019-12-12 05:30:14,86.78857,116.68008
2019-12-12 06:00:15,86.78872,116.66782
2019-12-12 06:30:14,86.78884,116.65609
2019-12-12 07:00:14,86.78893,116.64505
2019-12-12 07:30:14,86.789,116.63415
2019-12-12 08:00:15,86.789,116.62381
2019-12-12 08:30:14,86.78896,116.61317
2019-12-12 09:00:14,86.78889,116.60249
2019-12-12 09:30:14,86.78884,116.59169
2019-12-12 10:00:15,86.78877,116.58056
2019-12-12 10:30:14,86.78872,116.56929
2019-12-12 11:00:14,86.78865,116.55753
2019-12-12 11:30:15,86.78856,116.54588
2019-12-12 12:00:14,86.78849,116.53416
2019-12-12 12:30:14,86.78841,116.5219
2019-12-12 13:00:14,86.78828,116.50944
2019-12-12 13:30:15,86.78813,116.49711
2019-12-12 14:00:14,86.78799,116.48489
2019-12-12 14:30:14,86.78784,116.47248
2019-12-12 15:00:15,86.78769,116.46032
2019-12-12 15:30:14,86.7876,116.44839
2019-12-12 16:00:14,86.78752,116.4368
2019-12-12 16:30:14,86.78744,116.42564
2019-12-12 17:00:15,86.78732,116.41499
2019-12-12 17:30:14,86.78722,116.40462
2019-12-12 18:00:14,86.78715,116.39456
2019-12-12 18:30:15,86.78704,116.3849
2019-12-12 19:00:14,86.78692,116.3752
2019-12-12 19:30:14,86.78683,116.36536
2019-12-12 20:00:14,86.78672,116.35442
2019-12-12 20:30:15,86.78649,116.3401
2019-12-12 21:00:14,86.78622,116.32332
2019-12-12 21:30:14,86.7859,116.30592
2019-12-12 22:00:15,86.78564,116.29108
2019-12-12 22:30:14,86.78526,116.27704
2019-12-12 23:00:14,86.7848,116.25723
2019-12-12 23:30:14,86.78423,116.23222
2019-12-13 00:00:15,86.78362,116.20613
2019-12-13 00:30:14,86.78303,116.17896
2019-12-13 01:00:14,86.7824,116.15086
2019-12-13 01:30:15,86.78185,116.12227
2019-12-13 02:00:14,86.78128,116.09374
2019-12-13 02:30:14,86.78082,116.06424
2019-12-13 03:00:14,86.78046,116.03501
2019-12-13 03:30:15,86.78021,116.00772
2019-12-13 04:00:14,86.78004,115.98286
2019-12-13 04:30:14,86.77996,115.95914
2019-12-13 05:00:15,86.77992,115.93781
2019-12-13 05:30:14,86.77989,115.91637
2019-12-13 06:00:14,86.77992,115.89426
2019-12-13 06:30:14,86.77995,115.87261
2019-12-13 07:00:15,86.78003,115.85082
2019-12-13 07:30:14,86.78014,115.8284
2019-12-13 08:00:14,86.78021,115.80582
2019-12-13 08:30:15,86.7803,115.78194
2019-12-13 09:00:14,86.78044,115.75831
2019-12-13 09:30:14,86.78062,115.73608
2019-12-13 10:00:14,86.78082,115.71378
2019-12-13 10:30:15,86.78105,115.69202
2019-12-13 11:00:14,86.78125,115.67196
2019-12-13 11:30:14,86.78146,115.65216
2019-12-13 12:00:15,86.78169,115.63194
2019-12-13 12:30:14,86.78194,115.61225
2019-12-13 13:00:14,86.78223,115.5919
2019-12-13 13:30:14,86.78249,115.57188
2019-12-13 14:00:15,86.78278,115.5526
2019-12-13 14:30:14,86.7831,115.53356
2019-12-13 15:00:14,86.78336,115.51445
2019-12-13 15:30:14,86.78365,115.4958
2019-12-13 16:00:15,86.78394,115.47735
2019-12-13 16:30:14,86.78424,115.45966
2019-12-13 17:00:14,86.78453,115.44196
2019-12-13 17:30:15,86.78485,115.42448
2019-12-13 18:00:14,86.78516,115.4073
2019-12-13 18:30:14,86.78545,115.38977
2019-12-13 19:00:14,86.78574,115.37232
2019-12-13 19:30:15,86.78604,115.35485
2019-12-13 20:00:14,86.78635,115.33759
2019-12-13 20:30:14,86.78668,115.32037
2019-12-13 21:00:14,86.78704,115.30296
2019-12-13 21:30:15,86.78741,115.28563
2019-12-13 22:00:14,86.78781,115.26814
2019-12-13 22:30:14,86.78822,115.25091
2019-12-13 23:00:15,86.78863,115.23402
2019-12-13 23:30:14,86.78902,115.21683
2019-12-14 00:00:14,86.7894,115.1993
2019-12-14 00:30:14,86.78984,115.18255
2019-12-14 01:00:15,86.79032,115.16736
2019-12-14 01:30:14,86.79076,115.15231
2019-12-14 02:00:14,86.79121,115.13754
2019-12-14 02:30:14,86.79168,115.12348
2019-12-14 03:00:15,86.79212,115.11002
2019-12-14 03:30:14,86.79257,115.09718
2019-12-14 04:00:14,86.79301,115.0835
2019-12-14 04:30:14,86.79344,115.0703
2019-12-14 05:00:15,86.79388,115.05821
2019-12-14 05:30:14,86.79427,115.04662
2019-12-14 06:00:14,86.79468,115.03478
2019-12-14 06:30:15,86.79505,115.02329
2019-12-14 07:00:14,86.79543,115.01237
2019-12-14 07:30:14,86.79578,115.0016
2019-12-14 08:00:14,86.79614,114.99055
2019-12-14 08:30:15,86.79652,114.98009
2019-12-14 09:00:14,86.79685,114.96893
2019-12-14 09:30:14,86.79713,114.95766
2019-12-14 10:00:14,86.79735,114.94552
2019-12-14 10:30:15,86.79762,114.93316
2019-12-14 11:00:14,86.79788,114.92119
2019-12-14 11:30:14,86.79813,114.90887
2019-12-14 12:00:15,86.79833,114.89637
2019-12-14 12:30:14,86.79865,114.88431
2019-12-14 13:00:14,86.79894,114.87273
2019-12-14 13:30:14,86.7992,114.86166
2019-12-14 14:00:15,86.79944,114.85162
2019-12-14 14:30:14,86.79965,114.84213
2019-12-14 15:00:14,86.79983,114.83237
2019-12-14 15:30:15,86.8,114.82308
2019-12-14 16:00:14,86.80024,114.81474
2019-12-14 16:30:14,86.80042,114.80639
2019-12-14 17:00:14,86.8006,114.79877
2019-12-14 17:30:15,86.80074,114.79139
2019-12-14 18:00:14,86.80095,114.78394
2019-12-14 18:30:14,86.80113,114.77693
2019-12-14 19:00:15,86.80127,114.77012
2019-12-14 19:30:14,86.80135,114.7626
2019-12-14 20:00:14,86.80152,114.75499
2019-12-14 20:30:14,86.8017,114.74644
2019-12-14 21:00:15,86.80192,114.73659
2019-12-14 21:30:14,86.80212,114.72628
2019-12-14 22:00:14,86.80231,114.71517
2019-12-14 22:30:15,86.80252,114.70419
2019-12-14 23:00:14,86.80273,114.69263
2019-12-14 23:30:14,86.80289,114.68023
2019-12-15 00:00:14,86.80305,114.66732
2019-12-15 00:30:15,86.80325,114.65423
2019-12-15 01:00:14,86.8034,114.6413
2019-12-15 01:30:14,86.80354,114.62824
2019-12-15 02:00:15,86.80363,114.6153
2019-12-15 02:30:14,86.8037,114.60316
2019-12-15 03:00:14,86.80376,114.59172
2019-12-15 03:30:14,86.80379,114.58054
2019-12-15 04:00:15,86.80384,114.5705
2019-12-15 04:30:14,86.80386,114.56084
2019-12-15 05:00:14,86.80388,114.55174
2019-12-15 05:30:15,86.80384,114.54284
2019-12-15 06:00:14,86.80377,114.53445
2019-12-15 06:30:14,86.80373,114.52589
2019-12-15 07:00:14,86.80368,114.5168
2019-12-15 07:30:15,86.80363,114.50715
2019-12-15 08:00:14,86.80356,114.49625
2019-12-15 08:30:14,86.80352,114.48502
2019-12-15 09:00:15,86.80347,114.47334
2019-12-15 09:30:14,86.80341,114.46056
2019-12-15 10:00:14,86.80338,114.44733
2019-12-15 10:30:14,86.80338,114.43332
2019-12-15 11:00:15,86.80333,114.41807
2019-12-15 11:30:14,86.80329,114.40221
2019-12-15 12:00:14,86.80324,114.38596
2019-12-15 12:30:15,86.80317,114.36926
2019-12-15 13:00:14,86.80308,114.35192
2019-12-15 13:30:14,86.80296,114.33377
2019-12-15 14:00:14,86.8028,114.31511
2019-12-15 14:30:15,86.80264,114.29671
2019-12-15 15:00:14,86.80244,114.27873
2019-12-15 15:30:14,86.80222,114.26064
2019-12-15 16:00:15,86.802,114.24283
2019-12-15 16:30:14,86.80176,114.22539
2019-12-15 17:00:14,86.80149,114.20797
2019-12-15 17:30:14,86.8012,114.19013
2019-12-15 18:00:15,86.80095,114.17203
2019-12-15 18:30:14,86.80061,114.15334
2019-12-15 19:00:14,86.80031,114.13395
2019-12-15 19:30:15,86.79997,114.11385
2019-12-15 20:00:14,86.79963,114.0932
2019-12-15 20:30:14,86.79926,114.07136
2019-12-15 21:00:14,86.79887,114.04784
2019-12-15 21:30:15,86.79847,114.0244
2019-12-15 22:00:14,86.79808,113.99899
2019-12-15 22:30:14,86.79769,113.9724
2019-12-15 23:00:15,86.79729,113.9446
2019-12-15 23:30:14,86.79685,113.91518
2019-12-16 00:00:14,86.79651,113.885
2019-12-16 00:30:14,86.79612,113.85458
2019-12-16 01:00:15,86.79571,113.82362
2019-12-16 01:30:14,86.79525,113.79143
2019-12-16 02:00:14,86.79487,113.76063
2019-12-16 02:30:14,86.79459,113.73111
2019-12-16 03:00:15,86.79417,113.69868
2019-12-16 03:30:14,86.79368,113.66274
2019-12-16 04:00:14,86.79314,113.62671
2019-12-16 04:30:15,86.7924,113.58901
2019-12-16 05:00:14,86.79166,113.5508
2019-12-16 05:30:14,86.7908,113.51334
2019-12-16 06:00:14,86.78984,113.47419
2019-12-16 06:30:15,86.78884,113.43369
2019-12-16 07:00:14,86.78776,113.39168
2019-12-16 07:30:14,86.78668,113.348
2019-12-16 08:00:14,86.78555,113.29974
2019-12-16 08:30:15,86.78442,113.24747
2019-12-16 09:00:14,86.78333,113.19291
2019-12-16 09:30:14,86.78237,113.13722
2019-12-16 10:00:15,86.78162,113.0818
2019-12-16 10:30:14,86.78094,113.02431
2019-12-16 11:00:14,86.78037,112.96442
2019-12-16 11:30:14,86.77995,112.9025
2019-12-16 12:00:15,86.77957,112.84193
2019-12-16 12:30:14,86.77936,112.78001
2019-12-16 13:00:14,86.77921,112.71841
2019-12-16 13:30:14,86.77911,112.65762
2019-12-16 14:00:15,86.77907,112.59814
2019-12-16 14:30:14,86.77914,112.54044
2019-12-16 15:00:14,86.77921,112.48348
2019-12-16 15:30:14,86.77934,112.42825
2019-12-16 16:00:15,86.77948,112.37476
2019-12-16 16:32:23,86.77964,112.31975
2019-12-16 17:00:14,86.77977,112.27374
2019-12-16 17:30:14,86.77989,112.22495
2019-12-16 18:00:14,86.78007,112.17744
2019-12-16 18:30:15,86.78023,112.131
2019-12-16 19:00:14,86.78039,112.08636
2019-12-16 19:30:14,86.78056,112.04395
2019-12-16 20:00:14,86.7808,112.00228
2019-12-16 20:30:15,86.78109,111.96061
2019-12-16 21:00:14,86.78139,111.9194
2019-12-16 21:30:14,86.78169,111.87778
2019-12-16 22:00:14,86.78205,111.83585
2019-12-16 22:30:15,86.78246,111.79364
2019-12-16 23:00:14,86.78289,111.75228
2019-12-16 23:30:14,86.78336,111.71068
2019-12-17 00:00:15,86.78378,111.66904
2019-12-17 00:30:14,86.78432,111.62777
2019-12-17 01:00:14,86.78493,111.587
2019-12-17 01:30:14,86.78558,111.54673
2019-12-17 02:00:15,86.78629,111.50755
2019-12-17 02:30:14,86.78701,111.46776
2019-12-17 03:00:14,86.78779,111.42768
2019-12-17 03:30:14,86.78856,111.39014
2019-12-17 04:00:15,86.78938,111.35352
2019-12-17 04:30:14,86.79025,111.31538
2019-12-17 05:00:14,86.79123,111.2772
2019-12-17 05:30:14,86.79225,111.24021
2019-12-17 06:00:15,86.79334,111.20316
2019-12-17 06:30:14,86.79439,111.16718
2019-12-17 07:00:14,86.79543,111.13203
2019-12-17 07:30:14,86.79648,111.09882
2019-12-17 08:00:15,86.79755,111.06676
2019-12-17 08:30:14,86.79853,111.03528
2019-12-17 09:00:14,86.79948,111.00359
2019-12-17 09:30:15,86.80051,110.97213
2019-12-17 10:00:14,86.8017,110.94041
2019-12-17 10:30:14,86.80293,110.9082
2019-12-17 11:00:14,86.80425,110.87589
2019-12-17 11:30:15,86.80575,110.84513
2019-12-17 12:00:14,86.80736,110.81506
2019-12-17 12:30:14,86.80889,110.78471
2019-12-17 13:00:14,86.81048,110.75452
2019-12-17 13:30:15,86.81204,110.72441
2019-12-17 14:00:14,86.81361,110.69418
2019-12-17 14:30:14,86.8152,110.66402
2019-12-17 15:00:14,86.8168,110.63408
2019-12-17 15:30:15,86.81843,110.60493
2019-12-17 16:00:14,86.81982,110.57687
2019-12-17 16:30:14,86.82123,110.54971
2019-12-17 17:00:14,86.82265,110.52325
2019-12-17 17:30:15,86.82405,110.49811
2019-12-17 18:00:14,86.82535,110.47328
2019-12-17 18:30:14,86.82658,110.44862
2019-12-17 19:00:14,86.82779,110.42461
2019-12-17 19:30:15,86.829,110.40102
2019-12-17 20:00:14,86.83022,110.37749
2019-12-17 20:30:14,86.8314,110.35396
2019-12-17 21:00:14,86.83253,110.3304
2019-12-17 21:30:15,86.83361,110.307
2019-12-17 22:00:14,86.83464,110.2831
2019-12-17 22:30:14,86.83564,110.25906
2019-12-17 23:00:14,86.83665,110.23516
2019-12-17 23:30:15,86.83769,110.21082
2019-12-18 00:00:14,86.83878,110.18623
2019-12-18 00:30:14,86.83989,110.16137
2019-12-18 01:00:14,86.8409,110.13633
2019-12-18 01:30:15,86.84199,110.11237
2019-12-18 02:00:14,86.84312,110.0884
2019-12-18 02:30:14,86.84424,110.06429
2019-12-18 03:00:15,86.84531,110.04124
2019-12-18 03:30:14,86.84625,110.01978
2019-12-18 04:00:14,86.84712,109.99868
2019-12-18 04:30:14,86.84773,109.97853
2019-12-18 05:00:15,86.84829,109.95921
2019-12-18 05:30:14,86.84876,109.94073
2019-12-18 06:00:14,86.84914,109.9238
2019-12-18 06:30:14,86.84944,109.90784
2019-12-18 07:00:15,86.84968,109.89312
2019-12-18 07:30:14,86.8498,109.87964
2019-12-18 08:00:14,86.84993,109.86651
2019-12-18 08:30:14,86.85007,109.85376
2019-12-18 09:00:15,86.85014,109.84036
2019-12-18 09:30:14,86.85021,109.82664
2019-12-18 10:00:14,86.8503,109.81187
2019-12-18 10:30:14,86.85041,109.79616
2019-12-18 11:00:15,86.85043,109.78088
2019-12-18 11:30:14,86.85044,109.76527
2019-12-18 12:00:14,86.85043,109.74954
2019-12-18 12:30:14,86.85043,109.73332
2019-12-18 13:00:15,86.85043,109.71652
2019-12-18 13:30:14,86.85043,109.6994
2019-12-18 14:00:14,86.85041,109.68261
2019-12-18 14:30:14,86.85039,109.66607
2019-12-18 15:00:15,86.85039,109.64965
2019-12-18 15:30:14,86.85036,109.63364
2019-12-18 16:00:14,86.8503,109.61805
2019-12-18 16:30:14,86.85027,109.60349
2019-12-18 17:00:15,86.85023,109.58915
2019-12-18 17:30:14,86.8502,109.575
2019-12-18 18:00:14,86.85014,109.56165
2019-12-18 18:30:14,86.85007,109.54881
2019-12-18 19:00:15,86.84998,109.53658
2019-12-18 19:30:14,86.84987,109.52428
2019-12-18 20:00:14,86.84976,109.51212
2019-12-18 20:30:14,86.84968,109.49916
2019-12-18 21:00:15,86.84961,109.48579
2019-12-18 21:30:14,86.84957,109.47208
2019-12-18 22:00:14,86.84957,109.4577
2019-12-18 22:30:14,86.84961,109.44299
2019-12-18 23:00:15,86.84969,109.42795
2019-12-18 23:30:14,86.84976,109.41276
2019-12-19 00:00:14,86.84985,109.39748
2019-12-19 00:30:14,86.84995,109.38235
2019-12-19 01:00:15,86.85007,109.36761
2019-12-19 01:30:14,86.85016,109.35337
2019-12-19 02:00:14,86.85027,109.33978
2019-12-19 02:30:14,86.85032,109.32708
2019-12-19 03:00:15,86.85032,109.31532
2019-12-19 03:30:14,86.85028,109.30452
2019-12-19 04:00:14,86.8502,109.29448
2019-12-19 04:30:14,86.85007,109.28561
2019-12-19 05:00:15,86.84987,109.27743
2019-12-19 05:30:14,86.84969,109.26972
2019-12-19 06:00:14,86.84953,109.26202
2019-12-19 06:30:15,86.84936,109.25451
2019-12-19 07:00:14,86.84919,109.24676
2019-12-19 07:30:14,86.84903,109.23866
2019-12-19 08:00:14,86.84882,109.23048
2019-12-19 08:30:15,86.84863,109.22215
2019-12-19 09:00:14,86.84843,109.21351
2019-12-19 09:30:14,86.84821,109.20467
2019-12-19 10:00:14,86.84802,109.19529
2019-12-19 10:30:15,86.84786,109.18594
2019-12-19 11:00:14,86.84771,109.17633
2019-12-19 11:30:14,86.84755,109.16684
2019-12-19 12:00:14,86.84736,109.15767
2019-12-19 12:30:15,86.8472,109.14774
2019-12-19 13:00:14,86.84708,109.13749
2019-12-19 13:30:14,86.847,109.12734
2019-12-19 14:00:14,86.84695,109.11736
2019-12-19 14:30:15,86.84691,109.10729
2019-12-19 15:00:14,86.84689,109.0978
2019-12-19 15:30:14,86.84691,109.08844
2019-12-19 16:00:14,86.84691,109.07951
2019-12-19 16:30:15,86.84691,109.07116
2019-12-19 17:00:14,86.84688,109.06335
2019-12-19 17:30:14,86.84681,109.05604
2019-12-19 18:00:15,86.8467,109.0491
2019-12-19 18:30:14,86.8466,109.04284
2019-12-19 19:00:14,86.84647,109.03683
2019-12-19 19:30:14,86.84629,109.03107
2019-12-19 20:00:15,86.84611,109.02374
2019-12-19 20:30:14,86.84595,109.01573
2019-12-19 21:00:14,86.84581,109.00776
2019-12-19 21:30:14,86.84566,108.99872
2019-12-19 22:00:15,86.84559,108.98873
2019-12-19 22:30:14,86.84552,108.97903
2019-12-19 23:00:14,86.84549,108.96917
2019-12-19 23:30:15,86.8455,108.95916
2019-12-20 00:00:14,86.84557,108.9494
2019-12-20 00:30:14,86.8457,108.93968
2019-12-20 01:00:14,86.84586,108.92999
2019-12-20 01:30:15,86.84608,108.92069
2019-12-20 02:00:14,86.84632,108.912
2019-12-20 02:30:14,86.84661,108.90385
2019-12-20 03:00:14,86.84689,108.89626
2019-12-20 03:30:15,86.84718,108.88955
2019-12-20 04:00:14,86.8475,108.88338
2019-12-20 04:30:14,86.84782,108.8778
2019-12-20 05:00:15,86.84811,108.87264
2019-12-20 05:30:14,86.84839,108.86789
2019-12-20 06:00:14,86.84863,108.8635
2019-12-20 06:30:14,86.84887,108.85936
2019-12-20 07:00:15,86.84903,108.85509
2019-12-20 07:30:14,86.84917,108.85043
2019-12-20 08:00:14,86.84928,108.8454
2019-12-20 08:30:14,86.84939,108.84003
2019-12-20 09:00:15,86.84946,108.8342
2019-12-20 09:30:14,86.84956,108.82788
2019-12-20 10:00:14,86.84968,108.82108
2019-12-20 10:30:15,86.8498,108.81377
2019-12-20 11:00:14,86.84998,108.80644
2019-12-20 11:30:14,86.85017,108.79931
2019-12-20 12:00:14,86.85043,108.79196
2019-12-20 12:30:15,86.85069,108.78474
2019-12-20 13:00:14,86.85101,108.77772
2019-12-20 13:30:14,86.85137,108.77094
2019-12-20 14:00:15,86.85178,108.76439
2019-12-20 14:30:14,86.8522,108.75828
2019-12-20 15:00:14,86.85264,108.75262
2019-12-20 15:30:14,86.85308,108.7477
2019-12-20 16:00:15,86.85349,108.74342
2019-12-20 16:30:14,86.85389,108.7396
2019-12-20 17:00:14,86.85426,108.73593
2019-12-20 17:30:14,86.8546,108.73283
2019-12-20 18:00:15,86.8549,108.72963
2019-12-20 18:30:14,86.85516,108.72662
2019-12-20 19:00:14,86.85537,108.72353
2019-12-20 19:30:15,86.85556,108.7202
2019-12-20 20:00:14,86.85574,108.71674
2019-12-20 20:30:14,86.8559,108.71313
2019-12-20 21:00:14,86.85603,108.70934
2019-12-20 21:30:15,86.85611,108.70464
2019-12-20 22:00:14,86.85622,108.69994
2019-12-20 22:30:14,86.85632,108.69479
2019-12-20 23:00:14,86.85647,108.68937
2019-12-20 23:30:15,86.85663,108.68372
2019-12-21 00:00:14,86.85679,108.678
2019-12-21 00:30:14,86.857,108.67215
2019-12-21 01:00:15,86.85724,108.6662
2019-12-21 01:30:14,86.85754,108.66042
2019-12-21 02:00:14,86.85784,108.6553
2019-12-21 02:30:14,86.85816,108.65049
2019-12-21 03:00:15,86.85847,108.64639
2019-12-21 03:30:14,86.85877,108.64321
2019-12-21 04:00:14,86.85906,108.64084
2019-12-21 04:30:14,86.85931,108.63888
2019-12-21 05:00:15,86.85954,108.63738
2019-12-21 05:30:14,86.85972,108.63649
2019-12-21 06:00:14,86.85983,108.63608
2019-12-21 06:30:14,86.85991,108.63608
2019-12-21 07:00:15,86.85996,108.63601
2019-12-21 07:30:14,86.85996,108.63604
2019-12-21 08:00:14,86.85991,108.63612
2019-12-21 08:30:15,86.85983,108.63599
2019-12-21 09:00:14,86.85972,108.6357
2019-12-21 09:30:14,86.85959,108.63528
2019-12-21 10:00:14,86.85944,108.6347
2019-12-21 10:30:15,86.85927,108.63374
2019-12-21 11:00:14,86.85908,108.63245
2019-12-21 11:30:14,86.85892,108.6312
2019-12-21 12:00:14,86.85879,108.62992
2019-12-21 12:30:15,86.85868,108.62882
2019-12-21 13:00:14,86.8586,108.62788
2019-12-21 13:30:14,86.85854,108.62741
2019-12-21 14:00:14,86.85848,108.62736
2019-12-21 14:30:15,86.85847,108.62762
2019-12-21 15:00:14,86.85843,108.6282
2019-12-21 15:30:14,86.85841,108.62928
2019-12-21 16:00:14,86.8584,108.63081
2019-12-21 16:30:15,86.85835,108.6329
2019-12-21 17:00:14,86.85827,108.63519
2019-12-21 17:30:14,86.85817,108.6382
2019-12-21 18:00:15,86.85802,108.6418
2019-12-21 18:30:14,86.85784,108.64603
2019-12-21 19:00:14,86.85761,108.65084
2019-12-21 19:30:14,86.85738,108.65656
2019-12-21 20:00:15,86.85706,108.66284
2019-12-21 20:30:14,86.85672,108.66944
2019-12-21 21:00:14,86.85636,108.67683
2019-12-21 21:30:15,86.85596,108.68409
2019-12-21 22:00:14,86.85553,108.69151
2019-12-21 22:30:14,86.85509,108.69881
2019-12-21 23:00:14,86.85464,108.70592
2019-12-21 23:30:15,86.85421,108.7126
2019-12-22 00:00:14,86.85383,108.71906
2019-12-22 00:30:14,86.85345,108.72553
2019-12-22 01:00:15,86.8531,108.7318
2019-12-22 01:30:14,86.85285,108.73841
2019-12-22 02:00:14,86.85262,108.74564
2019-12-22 02:30:14,86.85242,108.75349
2019-12-22 03:00:15,86.85224,108.76186
2019-12-22 03:30:14,86.85207,108.77064
2019-12-22 04:00:14,86.85187,108.78052
2019-12-22 04:30:15,86.85168,108.79134
2019-12-22 05:00:14,86.85146,108.80293
2019-12-22 05:30:14,86.85116,108.81513
2019-12-22 06:00:14,86.85081,108.82744
2019-12-22 06:30:15,86.85041,108.83929
2019-12-22 07:00:14,86.84992,108.85065
2019-12-22 07:30:14,86.8494,108.86093
2019-12-22 08:00:15,86.84887,108.87029
2019-12-22 08:30:14,86.84836,108.87892
2019-12-22 09:00:14,86.84786,108.88681
2019-12-22 09:30:14,86.84741,108.89449
2019-12-22 10:00:15,86.84695,108.90277
2019-12-22 10:30:14,86.84645,108.91035
2019-12-22 11:00:14,86.846,108.91798
2019-12-22 11:30:15,86.84556,108.92544
2019-12-22 12:00:14,86.84518,108.93239
2019-12-22 12:30:14,86.84483,108.93922
2019-12-22 13:00:14,86.84448,108.94717
2019-12-22 13:30:15,86.84417,108.95559
2019-12-22 14:00:14,86.84388,108.96436
2019-12-22 14:30:14,86.84357,108.972
2019-12-22 15:00:15,86.84327,108.98051
2019-12-22 15:30:14,86.84299,108.99004
2019-12-22 16:00:14,86.8427,109.00044
2019-12-22 16:30:14,86.8424,109.01122
2019-12-22 17:00:15,86.84204,109.02222
2019-12-22 17:30:14,86.84165,109.03489
2019-12-22 18:00:14,86.84115,109.05045
2019-12-22 18:30:14,86.84053,109.06702
2019-12-22 19:00:15,86.8398,109.08379
2019-12-22 19:30:14,86.839,109.10082
2019-12-22 20:00:14,86.83813,109.1179
2019-12-22 20:30:15,86.83719,109.13535
2019-12-22 21:00:14,86.83623,109.15096
2019-12-22 21:30:14,86.83533,109.16499
2019-12-22 22:00:14,86.8345,109.17825
2019-12-22 22:30:15,86.83368,109.19113
2019-12-22 23:00:14,86.83284,109.20306
2019-12-22 23:30:14,86.83202,109.21439
2019-12-23 00:00:14,86.8312,109.2253
2019-12-23 00:30:15,86.8304,109.23634
2019-12-23 01:00:14,86.82967,109.24738
2019-12-23 01:30:14,86.82893,109.25831
2019-12-23 02:00:14,86.82829,109.26953
2019-12-23 02:30:15,86.82767,109.28082
2019-12-23 03:00:14,86.8271,109.29245
2019-12-23 03:30:14,86.82656,109.30488
2019-12-23 04:00:15,86.82608,109.31779
2019-12-23 04:30:14,86.8256,109.33129
2019-12-23 05:00:14,86.82515,109.34592
2019-12-23 05:30:14,86.82468,109.36107
2019-12-23 06:00:15,86.82417,109.37643
2019-12-23 06:30:14,86.82367,109.39191
2019-12-23 07:00:14,86.8232,109.40768
2019-12-23 07:30:14,86.82272,109.4234
2019-12-23 08:00:15,86.82227,109.43938
2019-12-23 08:30:14,86.8218,109.45454
2019-12-23 09:00:14,86.82127,109.46829
2019-12-23 09:30:15,86.82072,109.48133
2019-12-23 10:00:14,86.82013,109.49372
2019-12-23 10:30:14,86.8195,109.50465
2019-12-23 11:00:14,86.81882,109.51502
2019-12-23 11:30:15,86.81818,109.52492
2019-12-23 12:00:14,86.81756,109.53431
2019-12-23 12:30:14,86.81696,109.54341
2019-12-23 13:00:14,86.8164,109.55263
2019-12-23 13:30:15,86.81593,109.56131
2019-12-23 14:00:14,86.81554,109.56993
2019-12-23 14:30:14,86.81517,109.58
2019-12-23 15:00:15,86.81483,109.59056
2019-12-23 15:30:14,86.81452,109.60237
2019-12-23 16:00:14,86.81419,109.61608
2019-12-23 16:30:14,86.8139,109.63105
2019-12-23 17:00:15,86.81365,109.64779
2019-12-23 17:30:14,86.81344,109.66547
2019-12-23 18:00:14,86.8132,109.68365
2019-12-23 18:30:15,86.81296,109.70219
2019-12-23 19:00:14,86.81267,109.72012
2019-12-23 19:30:14,86.81229,109.73849
2019-12-23 20:00:14,86.81196,109.75636
2019-12-23 20:30:15,86.81164,109.77354
2019-12-23 21:00:14,86.81126,109.79116
2019-12-23 21:30:14,86.81096,109.80805
2019-12-23 22:00:15,86.81062,109.82426
2019-12-23 22:30:14,86.81025,109.84055
2019-12-23 23:00:14,86.80994,109.85688
2019-12-23 23:30:14,86.8096,109.8737
2019-12-24 00:00:15,86.80935,109.89012
2019-12-24 00:30:14,86.80914,109.90678
2019-12-24 01:00:14,86.80894,109.92363
2019-12-24 01:30:15,86.8088,109.9409
2019-12-24 02:00:14,86.80872,109.95866
2019-12-24 02:30:14,86.80864,109.97724
2019-12-24 03:00:14,86.80856,109.99652
2019-12-24 03:30:15,86.80853,110.01646
2019-12-24 04:00:14,86.8085,110.03738
2019-12-24 04:30:14,86.80849,110.05875
2019-12-24 05:00:15,86.8085,110.08084
2019-12-24 05:30:14,86.80853,110.10358
2019-12-24 06:00:14,86.80849,110.12736
2019-12-24 06:30:14,86.80846,110.15134
2019-12-24 07:00:15,86.80841,110.1744
2019-12-24 07:30:14,86.80836,110.19659
2019-12-24 08:00:14,86.80824,110.21918
2019-12-24 08:30:15,86.80809,110.24201
2019-12-24 09:00:14,86.80789,110.26543
2019-12-24 09:30:14,86.80773,110.28806
2019-12-24 10:00:14,86.80759,110.31057
2019-12-24 10:30:15,86.80739,110.3334
2019-12-24 11:00:14,86.80716,110.35635
2019-12-24 11:30:14,86.80693,110.37881
2019-12-24 12:00:15,86.80671,110.39877
2019-12-24 12:30:14,86.80648,110.41785
2019-12-24 13:00:14,86.80624,110.43892
2019-12-24 13:30:14,86.80612,110.4626
2019-12-24 14:00:15,86.80607,110.48668
2019-12-24 14:30:14,86.80611,110.51024
2019-12-24 15:00:14,86.80618,110.5354
2019-12-24 15:30:15,86.80629,110.56005
2019-12-24 16:00:14,86.80648,110.58464
2019-12-24 16:30:14,86.80669,110.61052
2019-12-24 17:00:14,86.80684,110.63695
2019-12-24 17:30:15,86.807,110.66381
2019-12-24 18:00:14,86.80716,110.69047
2019-12-24 18:30:14,86.8073,110.71777
2019-12-24 19:00:15,86.80744,110.74479
2019-12-24 19:30:14,86.80755,110.77251
2019-12-24 20:00:14,86.8076,110.79955
2019-12-24 20:30:14,86.80766,110.82617
2019-12-24 21:00:15,86.80768,110.8516
2019-12-24 21:30:14,86.80768,110.87671
2019-12-24 22:00:14,86.80766,110.90137
2019-12-24 22:30:15,86.80761,110.92569
2019-12-24 23:00:14,86.80764,110.94978
2019-12-24 23:30:14,86.80764,110.9736
2019-12-25 00:00:14,86.80769,110.99715
2019-12-25 00:30:15,86.8078,111.02029
2019-12-25 01:00:14,86.80788,111.04307
2019-12-25 01:30:14,86.80798,111.06579
2019-12-25 02:00:15,86.80812,111.08832
2019-12-25 02:30:14,86.80827,111.11115
2019-12-25 03:00:14,86.80843,111.1348
2019-12-25 03:30:14,86.80865,111.15878
2019-12-25 04:00:15,86.80892,111.18277
2019-12-25 04:30:14,86.8092,111.20761
2019-12-25 05:00:14,86.80949,111.23332
2019-12-25 05:30:15,86.80983,111.25885
2019-12-25 06:00:14,86.81016,111.2842
2019-12-25 06:30:14,86.81048,111.30924
2019-12-25 07:00:14,86.81083,111.33414
2019-12-25 07:30:15,86.81112,111.35886
2019-12-25 08:00:14,86.81139,111.38287
2019-12-25 08:30:14,86.81165,111.40639
2019-12-25 09:00:15,86.81185,111.42883
2019-12-25 09:30:14,86.81212,111.4516
2019-12-25 10:00:14,86.81236,111.47389
2019-12-25 10:30:14,86.81258,111.49604
2019-12-25 11:00:15,86.81283,111.51804
2019-12-25 11:30:14,86.81313,111.53913
2019-12-25 12:00:14,86.81337,111.55973
2019-12-25 12:30:14,86.81358,111.57938
2019-12-25 13:00:15,86.81379,111.59845
2019-12-25 13:30:14,86.81404,111.61688
2019-12-25 14:00:14,86.81433,111.63496
2019-12-25 14:30:15,86.81467,111.65231
2019-12-25 15:00:14,86.81503,111.6693
2019-12-25 15:30:14,86.81548,111.68639
2019-12-25 16:00:14,86.81597,111.70316
2019-12-25 16:30:15,86.81651,111.72005
2019-12-25 17:00:14,86.81709,111.73711
2019-12-25 17:30:14,86.81772,111.75437
2019-12-25 18:00:15,86.81843,111.7719
2019-12-25 18:30:14,86.8192,111.79048
2019-12-25 19:00:14,86.82012,111.80967
2019-12-25 19:30:14,86.82095,111.82881
2019-12-25 20:00:15,86.82177,111.84782
2019-12-25 20:30:14,86.82264,111.8672
2019-12-25 21:00:14,86.82355,111.88702
2019-12-25 21:30:14,86.82441,111.90633
2019-12-25 22:00:15,86.82521,111.92442
2019-12-25 22:30:14,86.82596,111.94292
2019-12-25 23:00:14,86.82672,111.96168
2019-12-25 23:30:15,86.82763,111.98097
2019-12-26 00:00:14,86.8284,111.99991
2019-12-26 00:30:14,86.82917,112.01846
2019-12-26 01:00:14,86.82988,112.03729
2019-12-26 01:30:15,86.83063,112.0565
2019-12-26 02:00:14,86.83138,112.07552
2019-12-26 02:30:14,86.83209,112.09454
2019-12-26 03:00:14,86.8328,112.11393
2019-12-26 03:30:15,86.83353,112.1339
2019-12-26 04:00:14,86.83428,112.15425
2019-12-26 04:30:14,86.83501,112.17531
2019-12-26 05:00:15,86.83575,112.19625
2019-12-26 05:30:14,86.83649,112.21751
2019-12-26 06:00:14,86.83724,112.24017
2019-12-26 06:30:14,86.83799,112.26308
2019-12-26 07:00:15,86.83873,112.28616
2019-12-26 07:30:14,86.83945,112.30832
2019-12-26 08:00:14,86.84019,112.33009
2019-12-26 08:30:15,86.84085,112.35094
2019-12-26 09:00:14,86.84152,112.37041
2019-12-26 09:30:14,86.84219,112.38877
2019-12-26 10:00:14,86.84285,112.40628
2019-12-26 10:30:15,86.84352,112.42242
2019-12-26 11:00:14,86.84418,112.43694
2019-12-26 11:30:14,86.84483,112.4506
2019-12-26 12:00:15,86.84544,112.46388
2019-12-26 12:30:14,86.84607,112.47573
2019-12-26 13:00:14,86.84666,112.48586
2019-12-26 13:30:14,86.84723,112.49456
2019-12-26 14:00:15,86.84785,112.50161
2019-12-26 14:30:14,86.84846,112.50745
2019-12-26 15:00:14,86.84916,112.51218
2019-12-26 15:30:15,86.84988,112.51682
2019-12-26 16:00:14,86.85064,112.52067
2019-12-26 16:30:14,86.85139,112.52374
2019-12-26 17:00:14,86.85212,112.5262
2019-12-26 17:30:15,86.85287,112.52882
2019-12-26 18:00:14,86.85362,112.53114
2019-12-26 18:30:14,86.85445,112.53365
2019-12-26 19:00:15,86.85537,112.53533
2019-12-26 19:30:14,86.85626,112.53693
2019-12-26 20:00:14,86.85716,112.5384
2019-12-26 20:30:14,86.85801,112.53995
2019-12-26 21:00:15,86.85884,112.54121
2019-12-26 21:30:14,86.85961,112.5422
2019-12-26 22:00:14,86.86037,112.5432
2019-12-26 22:30:15,86.86108,112.54395
2019-12-26 23:00:14,86.86171,112.5444
2019-12-26 23:30:14,86.86241,112.54541
2019-12-27 00:00:14,86.86311,112.54594
2019-12-27 00:30:15,86.86364,112.54617
2019-12-27 01:00:14,86.86404,112.54644
2019-12-27 01:30:14,86.8644,112.5463
2019-12-27 02:00:15,86.86472,112.54589
2019-12-27 02:30:14,86.86498,112.54525
2019-12-27 03:00:14,86.86521,112.54453
2019-12-27 03:30:15,86.86543,112.54373
2019-12-27 04:00:14,86.86562,112.54266
2019-12-27 04:30:14,86.86578,112.5412
2019-12-27 05:00:14,86.86597,112.53988
2019-12-27 05:30:15,86.86614,112.53796
2019-12-27 06:00:14,86.86635,112.53532
2019-12-27 06:30:14,86.86653,112.53205
2019-12-27 07:00:15,86.86673,112.52782
2019-12-27 07:30:14,86.86694,112.52354
2019-12-27 08:00:14,86.86716,112.51881
2019-12-27 08:30:14,86.86739,112.5135
2019-12-27 09:00:15,86.86762,112.50836
2019-12-27 09:30:14,86.86789,112.50333
2019-12-27 10:00:14,86.86816,112.49815
2019-12-27 10:30:15,86.86845,112.49312
2019-12-27 11:00:14,86.86871,112.48796
2019-12-27 11:30:14,86.86888,112.48254
2019-12-27 12:00:15,86.86903,112.47742
2019-12-27 12:30:14,86.86915,112.47264
2019-12-27 13:00:14,86.86924,112.46895
2019-12-27 13:30:15,86.86931,112.466
2019-12-27 14:00:14,86.86929,112.46348
2019-12-27 14:30:14,86.86924,112.4606
2019-12-27 15:00:15,86.86917,112.45731
2019-12-27 15:30:14,86.86908,112.45384
2019-12-27 16:00:14,86.86894,112.45007
2019-12-27 16:30:15,86.86881,112.44573
2019-12-27 17:00:14,86.86868,112.44122
2019-12-27 17:30:14,86.86858,112.43623
2019-12-27 18:00:14,86.86849,112.43111
2019-12-27 18:30:15,86.86844,112.42599
2019-12-27 19:00:14,86.86842,112.42083
2019-12-27 19:30:14,86.86842,112.41565
2019-12-27 20:00:15,86.86847,112.41016
2019-12-27 20:30:14,86.86853,112.40471
2019-12-27 21:00:14,86.86864,112.39968
2019-12-27 21:30:15,86.86874,112.39478
2019-12-27 22:00:14,86.86888,112.38991
2019-12-27 22:30:14,86.869,112.38474
2019-12-27 23:00:15,86.86912,112.38021
2019-12-27 23:30:14,86.86924,112.37536
2019-12-28 00:00:14,86.86929,112.37083
2019-12-28 00:30:14,86.86926,112.36632
2019-12-28 01:00:15,86.86917,112.3626
2019-12-28 01:30:14,86.86903,112.35856
2019-12-28 02:00:14,86.8688,112.35267
2019-12-28 02:30:15,86.86849,112.34607
2019-12-28 03:00:14,86.86816,112.33981
2019-12-28 03:30:14,86.86778,112.33379
2019-12-28 04:00:15,86.86731,112.32738
2019-12-28 04:30:14,86.86687,112.32018
2019-12-28 05:00:14,86.86644,112.31292
2019-12-28 05:30:15,86.86603,112.30602
2019-12-28 06:00:14,86.86562,112.29921
2019-12-28 06:30:14,86.86525,112.29218
2019-12-28 07:00:15,86.86492,112.28558
2019-12-28 07:30:14,86.8646,112.27925
2019-12-28 08:00:14,86.8643,112.273
2019-12-28 08:30:15,86.864,112.26696
2019-12-28 09:00:14,86.86375,112.26122
2019-12-28 09:30:14,86.86355,112.25562
2019-12-28 10:00:14,86.86334,112.24957
2019-12-28 10:30:15,86.86314,112.24477
2019-12-28 11:00:14,86.86293,112.2403
2019-12-28 11:30:14,86.86269,112.23604
2019-12-28 12:00:15,86.8624,112.23283
2019-12-28 12:30:14,86.86208,112.22972
2019-12-28 13:00:14,86.86166,112.22694
2019-12-28 13:30:15,86.86125,112.22476
2019-12-28 14:00:14,86.86077,112.22271
2019-12-28 14:30:14,86.86024,112.22092
2019-12-28 15:00:15,86.85968,112.21896
2019-12-28 15:30:14,86.85908,112.21704
2019-12-28 16:00:14,86.85845,112.21455
2019-12-28 16:30:14,86.85781,112.21127
2019-12-28 17:00:15,86.85716,112.20773
2019-12-28 17:30:14,86.85651,112.20383
2019-12-28 18:00:14,86.85588,112.20007
2019-12-28 18:30:15,86.85526,112.19618
2019-12-28 19:00:14,86.85467,112.19236
2019-12-28 19:30:14,86.85413,112.18842
2019-12-28 20:00:15,86.85364,112.18444
2019-12-28 20:30:14,86.8532,112.18161
2019-12-28 21:00:14,86.85275,112.17921
2019-12-28 21:30:15,86.85236,112.17779
2019-12-28 22:00:14,86.85199,112.17728
2019-12-28 22:30:14,86.85162,112.17773
2019-12-28 23:00:15,86.85124,112.17912
2019-12-28 23:30:14,86.85081,112.18188
2019-12-29 00:00:14,86.85039,112.18472
2019-12-29 00:30:15,86.84991,112.18812
2019-12-29 01:00:14,86.84939,112.19243
2019-12-29 01:30:14,86.84887,112.19737
2019-12-29 02:00:15,86.8483,112.20306
2019-12-29 02:30:14,86.84771,112.20987
2019-12-29 03:00:14,86.84711,112.21711
2019-12-29 03:30:14,86.84648,112.2232
2019-12-29 04:00:15,86.84584,112.22945
2019-12-29 04:30:14,86.84511,112.23483
2019-12-29 05:00:14,86.84431,112.24108
2019-12-29 05:30:15,86.84335,112.24939
2019-12-29 06:00:14,86.84248,112.25758
2019-12-29 06:30:14,86.84172,112.26495
2019-12-29 07:00:15,86.84088,112.27342
2019-12-29 07:30:14,86.84015,112.28198
2019-12-29 08:00:14,86.83937,112.29092
2019-12-29 08:30:14,86.83855,112.30154
2019-12-29 09:00:15,86.83768,112.31395
2019-12-29 09:30:14,86.83694,112.32653
2019-12-29 10:00:14,86.83625,112.33797
2019-12-29 10:30:15,86.83545,112.34972
2019-12-29 11:00:14,86.83485,112.3615
2019-12-29 11:30:14,86.83407,112.37302
2019-12-29 12:00:15,86.83332,112.38556
2019-12-29 12:30:14,86.83268,112.39924
2019-12-29 13:00:14,86.83202,112.41409
2019-12-29 13:30:14,86.83134,112.43075
2019-12-29 14:00:15,86.83059,112.44653
2019-12-29 14:30:14,86.82973,112.46164
2019-12-29 15:00:14,86.82879,112.47832
2019-12-29 15:30:15,86.82779,112.4949
2019-12-29 16:00:14,86.82678,112.51179
2019-12-29 16:30:14,86.82578,112.52885
2019-12-29 17:00:15,86.82473,112.54498
2019-12-29 17:30:14,86.82375,112.56064
2019-12-29 18:00:14,86.82284,112.57731
2019-12-29 18:30:14,86.82192,112.59454
2019-12-29 19:00:15,86.82101,112.61271
2019-12-29 19:30:14,86.82012,112.62892
2019-12-29 20:00:14,86.81931,112.64564
2019-12-29 20:30:15,86.81845,112.66196
2019-12-29 21:00:14,86.81764,112.6795
2019-12-29 21:30:14,86.81686,112.6972
2019-12-29 22:00:15,86.81617,112.71481
2019-12-29 22:30:14,86.81557,112.73273
2019-12-29 23:00:14,86.81495,112.7516
2019-12-29 23:30:14,86.81429,112.77229
2019-12-30 00:00:15,86.81361,112.79569
2019-12-30 00:30:14,86.81292,112.82152
2019-12-30 01:00:14,86.81247,112.84544
2019-12-30 01:30:15,86.81192,112.87315
2019-12-30 02:00:14,86.81136,112.90414
2019-12-30 02:30:14,86.81092,112.93712
2019-12-30 03:00:14,86.81032,112.97375
2019-12-30 03:30:15,86.80968,113.01193
2019-12-30 04:00:14,86.80892,113.05177
2019-12-30 04:30:14,86.80809,113.09236
2019-12-30 05:00:15,86.80714,113.13304
2019-12-30 05:30:14,86.80612,113.17358
2019-12-30 06:00:14,86.80495,113.21281
2019-12-30 06:30:15,86.80379,113.25075
2019-12-30 07:00:14,86.80254,113.28784
2019-12-30 07:30:14,86.80128,113.32287
2019-12-30 08:00:14,86.80001,113.35617
2019-12-30 08:30:15,86.79888,113.38763
2019-12-30 09:00:14,86.79784,113.41889
2019-12-30 09:30:14,86.79689,113.45045
2019-12-30 10:00:15,86.79601,113.4822
2019-12-30 10:30:14,86.79516,113.5155
2019-12-30 11:00:14,86.79435,113.55038
2019-12-30 11:30:14,86.79356,113.58591
2019-12-30 12:00:15,86.79277,113.62119
2019-12-30 12:30:14,86.79196,113.65598
2019-12-30 13:00:14,86.79102,113.69209
2019-12-30 13:30:15,86.79005,113.72896
2019-12-30 14:00:14,86.78902,113.7676
2019-12-30 14:30:14,86.78792,113.80788
2019-12-30 15:00:14,86.78687,113.84911
2019-12-30 15:30:15,86.78579,113.89217
2019-12-30 16:00:14,86.7846,113.93444
2019-12-30 16:30:14,86.78342,113.9768
2019-12-30 17:00:15,86.78225,114.01753
2019-12-30 17:30:14,86.78112,114.0557
2019-12-30 18:00:14,86.78007,114.09241
2019-12-30 18:30:15,86.77905,114.1273
2019-12-30 19:00:14,86.77814,114.16045
2019-12-30 19:30:14,86.77729,114.19195
2019-12-30 20:00:14,86.77657,114.22198
2019-12-30 20:30:15,86.77597,114.24954
2019-12-30 21:00:14,86.77547,114.27528
2019-12-30 21:30:14,86.77512,114.30067
2019-12-30 22:00:15,86.7749,114.32494
2019-12-30 22:30:14,86.77484,114.34919
2019-12-30 23:00:14,86.77486,114.37288
2019-12-30 23:30:15,86.77505,114.39725
2019-12-31 00:00:14,86.77529,114.42107
2019-12-31 00:30:14,86.77556,114.4437
2019-12-31 01:00:14,86.77586,114.46585
2019-12-31 01:30:15,86.77624,114.48859
2019-12-31 02:00:14,86.77664,114.51016
2019-12-31 02:30:14,86.77707,114.53128
2019-12-31 03:00:15,86.7775,114.55208
2019-12-31 03:30:14,86.77793,114.57217
2019-12-31 04:00:14,86.77837,114.59242
2019-12-31 04:30:14,86.77884,114.61244
2019-12-31 05:00:15,86.77929,114.63181
2019-12-31 05:30:14,86.77979,114.65056
2019-12-31 06:00:14,86.78032,114.6682
2019-12-31 06:30:15,86.78091,114.68481
2019-12-31 07:00:14,86.78156,114.69997
2019-12-31 07:30:14,86.78228,114.71384
2019-12-31 08:00:15,86.78304,114.72617
2019-12-31 08:30:14,86.78392,114.73663
2019-12-31 09:00:14,86.7849,114.74596
2019-12-31 09:30:14,86.78597,114.75388
2019-12-31 10:00:15,86.78706,114.76025
2019-12-31 10:30:14,86.78829,114.76525
2019-12-31 11:00:14,86.78967,114.77049
2019-12-31 11:30:15,86.79115,114.77586
2019-12-31 12:00:14,86.79268,114.78094
2019-12-31 12:30:14,86.79427,114.78668
2019-12-31 13:00:15,86.79601,114.79293
2019-12-31 13:30:14,86.79778,114.80012
2019-12-31 14:00:14,86.79961,114.80865
2019-12-31 14:30:15,86.80145,114.81836
2019-12-31 15:00:14,86.80327,114.82853
2019-12-31 15:30:14,86.80502,114.84003
2019-12-31 16:00:15,86.80673,114.85216
2019-12-31 16:30:14,86.80843,114.86476
2019-12-31 17:00:14,86.8101,114.87748
2019-12-31 17:30:15,86.81178,114.89005
2019-12-31 18:00:14,86.81348,114.90124
2019-12-31 18:30:14,86.8152,114.91158
2019-12-31 19:00:14,86.81696,114.92052
2019-12-31 19:30:15,86.8188,114.92795
2019-12-31 20:00:14,86.82063,114.93456
2019-12-31 20:30:14,86.82262,114.94025
2019-12-31 21:00:15,86.82476,114.94429
2019-12-31 21:30:14,86.82699,114.94712
2019-12-31 22:00:14,86.82948,114.94926
2019-12-31 22:30:15,86.83215,114.95097
2019-12-31 23:00:14,86.83482,114.95161
2019-12-31 23:30:14,86.83762,114.9511
2020-01-01 00:00:15,86.84058,114.95087
2020-01-01 00:30:14,86.84345,114.94984
2020-01-01 01:00:14,86.84634,114.9492
2020-01-01 01:30:15,86.84919,114.94859
2020-01-01 02:00:14,86.85197,114.94788
2020-01-01 02:30:14,86.85469,114.94794
2020-01-01 03:00:14,86.85738,114.94848
2020-01-01 03:30:15,86.86004,114.94948
2020-01-01 04:00:14,86.86255,114.95083
2020-01-01 04:30:14,86.86507,114.95219
2020-01-01 05:00:15,86.8679,114.95263
2020-01-01 05:30:14,86.87074,114.95216
2020-01-01 06:00:14,86.87354,114.94983
2020-01-01 06:30:15,86.87601,114.94511
2020-01-01 07:00:14,86.87869,114.93847
2020-01-01 07:30:14,86.88156,114.92944
2020-01-01 08:00:15,86.88422,114.91748
2020-01-01 08:30:14,86.88695,114.90375
2020-01-01 09:00:14,86.88988,114.88818
2020-01-01 09:30:15,86.89285,114.87074
2020-01-01 10:00:14,86.89588,114.8521
2020-01-01 10:30:14,86.89888,114.83261
2020-01-01 11:00:15,86.90192,114.81237
2020-01-01 11:30:14,86.90488,114.79168
2020-01-01 12:00:14,86.9078,114.77048
2020-01-01 12:30:14,86.91068,114.74848
2020-01-01 13:00:15,86.91349,114.72656
2020-01-01 13:30:14,86.91629,114.7046
2020-01-01 14:00:14,86.91905,114.68266
2020-01-01 14:30:15,86.92169,114.66108
2020-01-01 15:00:14,86.92426,114.63873
2020-01-01 15:30:14,86.92677,114.61564
2020-01-01 16:00:15,86.9292,114.59137
2020-01-01 16:30:14,86.9315,114.56524
2020-01-01 17:00:14,86.93377,114.53681
2020-01-01 17:30:15,86.936,114.50728
2020-01-01 18:00:14,86.93813,114.47553
2020-01-01 18:30:14,86.94027,114.44279
2020-01-01 19:00:14,86.9424,114.40935
2020-01-01 19:30:15,86.94452,114.3745
2020-01-01 20:00:14,86.94661,114.3388
2020-01-01 20:30:14,86.94875,114.30145
2020-01-01 21:00:15,86.95099,114.26356
2020-01-01 21:30:14,86.95329,114.22588
2020-01-01 22:00:14,86.95567,114.18808
2020-01-01 22:30:15,86.95811,114.15005
2020-01-01 23:00:14,86.9606,114.11239
2020-01-01 23:30:14,86.96321,114.07567
2020-01-02 00:00:15,86.9659,114.03929
2020-01-02 00:30:14,86.96856,114.00444
2020-01-02 01:00:14,86.97124,113.97028
2020-01-02 01:30:14,86.97388,113.93667
2020-01-02 02:00:15,86.97655,113.90311
2020-01-02 02:30:14,86.97921,113.86999
2020-01-02 03:00:14,86.98179,113.83732
2020-01-02 03:30:15,86.98427,113.80463
2020-01-02 04:00:14,86.98666,113.7719
2020-01-02 04:30:14,86.98896,113.73921
2020-01-02 05:00:15,86.99124,113.70595
2020-01-02 05:30:14,86.99352,113.67175
2020-01-02 06:00:14,86.9958,113.63696
2020-01-02 06:30:15,86.99807,113.60081
2020-01-02 07:00:14,87.00037,113.56422
2020-01-02 07:30:14,87.00272,113.52697
2020-01-02 08:00:14,87.00504,113.48877
2020-01-02 08:30:15,87.00742,113.44978
2020-01-02 09:00:14,87.00981,113.41072
2020-01-02 09:30:14,87.01221,113.3707
2020-01-02 10:00:15,87.01461,113.32999
2020-01-02 10:30:14,87.01701,113.28899
2020-01-02 11:00:14,87.01945,113.24832
2020-01-02 11:30:15,87.02192,113.20777
2020-01-02 12:00:14,87.02444,113.16732
2020-01-02 12:30:14,87.02693,113.1268
2020-01-02 13:00:14,87.02941,113.08675
2020-01-02 13:30:15,87.03184,113.04773
2020-01-02 14:00:14,87.0342,113.00863
2020-01-02 14:30:14,87.03645,112.96961
2020-01-02 15:00:15,87.03867,112.93082
2020-01-02 15:30:14,87.04079,112.8926
2020-01-02 16:00:14,87.04279,112.85492
2020-01-02 16:30:14,87.04469,112.8172
2020-01-02 17:00:15,87.04653,112.77855
2020-01-02 17:30:14,87.04831,112.7382
2020-01-02 18:00:14,87.04999,112.6974
2020-01-02 18:30:15,87.0516,112.65639
2020-01-02 19:00:14,87.05315,112.61544
2020-01-02 19:30:14,87.05466,112.5742
2020-01-02 20:00:14,87.05621,112.53284
2020-01-02 20:30:15,87.05777,112.49153
2020-01-02 21:00:14,87.05937,112.44896
2020-01-02 21:30:14,87.06107,112.40694
2020-01-02 22:00:15,87.06284,112.36608
2020-01-02 22:30:14,87.06465,112.32545
2020-01-02 23:00:14,87.06647,112.28622
2020-01-02 23:30:14,87.06837,112.25009
2020-01-03 00:00:15,87.07029,112.21772
2020-01-03 00:30:14,87.07221,112.19006
2020-01-03 01:00:14,87.07412,112.16801
2020-01-03 01:30:15,87.07599,112.15134
2020-01-03 02:00:14,87.07777,112.14034
2020-01-03 02:30:14,87.07945,112.13284
2020-01-03 03:00:14,87.08111,112.12724
2020-01-03 03:30:15,87.0827,112.12397
2020-01-03 04:00:14,87.08421,112.1218
2020-01-03 04:30:14,87.08576,112.12058
2020-01-03 05:00:15,87.08727,112.12006
2020-01-03 05:30:14,87.08871,112.11835
2020-01-03 06:00:14,87.0901,112.1178
2020-01-03 06:30:14,87.09145,112.11597
2020-01-03 07:00:15,87.0928,112.11314
2020-01-03 07:30:14,87.09415,112.11
2020-01-03 08:00:14,87.09545,112.10585
2020-01-03 08:30:15,87.09682,112.09957
2020-01-03 09:00:14,87.09823,112.09293
2020-01-03 09:30:14,87.09969,112.08485
2020-01-03 10:00:14,87.10117,112.07729
2020-01-03 10:30:15,87.10267,112.06982
2020-01-03 11:00:14,87.10419,112.06267
2020-01-03 11:30:14,87.10583,112.05488
2020-01-03 12:00:15,87.10749,112.04733
2020-01-03 12:30:14,87.10915,112.04036
2020-01-03 13:00:14,87.11082,112.03385
2020-01-03 13:30:15,87.11259,112.02715
2020-01-03 14:00:14,87.11452,112.02069
2020-01-03 14:30:14,87.11642,112.01505
2020-01-03 15:00:14,87.11829,112.01052
2020-01-03 15:30:15,87.12015,112.00658
2020-01-03 16:00:14,87.12195,112.00296
2020-01-03 16:30:14,87.12372,111.99924
2020-01-03 17:00:15,87.1255,111.9949
2020-01-03 17:30:14,87.12737,111.98908
2020-01-03 18:00:14,87.12912,111.98163
2020-01-03 18:30:15,87.13083,111.97228
2020-01-03 19:00:14,87.13258,111.96071
2020-01-03 19:30:14,87.13429,111.9483
2020-01-03 20:00:14,87.13597,111.93453
2020-01-03 20:30:15,87.13768,111.91944
2020-01-03 21:00:14,87.13943,111.90339
2020-01-03 21:30:14,87.1412,111.88644
2020-01-03 22:00:15,87.14305,111.86865
2020-01-03 22:30:14,87.14497,111.84992
2020-01-03 23:00:14,87.14699,111.83081
2020-01-03 23:30:15,87.14909,111.81157
2020-01-04 00:00:14,87.15125,111.79318
2020-01-04 00:30:14,87.1535,111.77652
2020-01-04 01:00:14,87.1558,111.76134
2020-01-04 01:30:15,87.15813,111.74711
2020-01-04 02:00:14,87.16053,111.73461
2020-01-04 02:30:14,87.1629,111.72434
2020-01-04 03:00:15,87.16528,111.71571
2020-01-04 03:30:14,87.16763,111.70848
2020-01-04 04:00:14,87.16987,111.70311
2020-01-04 04:30:14,87.17207,111.69968
2020-01-04 05:00:15,87.17416,111.69725
2020-01-04 05:30:14,87.17611,111.69516
2020-01-04 06:00:14,87.17796,111.69323
2020-01-04 06:30:15,87.17972,111.69068
2020-01-04 07:00:14,87.18141,111.68724
2020-01-04 07:30:14,87.18305,111.68272
2020-01-04 08:00:14,87.18465,111.677
2020-01-04 08:30:15,87.18626,111.67037
2020-01-04 09:00:14,87.18784,111.66296
2020-01-04 09:30:14,87.18945,111.65455
2020-01-04 10:00:15,87.19108,111.6451
2020-01-04 10:30:14,87.19276,111.6348
2020-01-04 11:00:14,87.19448,111.6242
2020-01-04 11:30:14,87.19625,111.61344
2020-01-04 12:00:15,87.19808,111.60331
2020-01-04 12:30:14,87.19994,111.59372
2020-01-04 13:00:14,87.20184,111.58482
2020-01-04 13:30:15,87.20374,111.57742
2020-01-04 14:00:14,87.20563,111.57132
2020-01-04 14:30:14,87.20752,111.56597
2020-01-04 15:00:14,87.20937,111.56171
2020-01-04 15:30:15,87.21116,111.55795
2020-01-04 16:00:14,87.21285,111.55545
2020-01-04 16:30:14,87.21446,111.55392
2020-01-04 17:00:15,87.216,111.55293
2020-01-04 17:30:14,87.21741,111.55235
2020-01-04 18:00:14,87.21881,111.55065
2020-01-04 18:30:15,87.22012,111.54829
2020-01-04 19:00:14,87.22139,111.54594
2020-01-04 19:30:14,87.22269,111.5435
2020-01-04 20:00:14,87.22395,111.53945
2020-01-04 20:30:15,87.22516,111.5342
2020-01-04 21:00:14,87.22639,111.52804
2020-01-04 21:30:14,87.2276,111.52094
2020-01-04 22:00:15,87.22884,111.51236
2020-01-04 22:30:14,87.23006,111.50359
2020-01-04 23:00:14,87.23136,111.49438
2020-01-04 23:30:15,87.23267,111.48616
2020-01-05 00:00:14,87.23399,111.47831
2020-01-05 00:30:14,87.23531,111.47045
2020-01-05 01:00:14,87.23664,111.46321
2020-01-05 01:30:15,87.23804,111.45554
2020-01-05 02:00:14,87.2394,111.44869
2020-01-05 02:30:14,87.24085,111.44249
2020-01-05 03:00:15,87.24224,111.43733
2020-01-05 03:30:14,87.24361,111.43243
2020-01-05 04:00:14,87.24492,111.42957
2020-01-05 04:30:14,87.24619,111.42788
2020-01-05 05:00:15,87.2474,111.42712
2020-01-05 05:30:14,87.24852,111.42822
2020-01-05 06:00:14,87.24957,111.43015
2020-01-05 06:30:15,87.25057,111.4322
2020-01-05 07:00:14,87.25152,111.43446
2020-01-05 07:30:14,87.25241,111.43649
2020-01-05 08:00:15,87.25332,111.43804
2020-01-05 08:30:14,87.25419,111.43892
2020-01-05 09:00:14,87.25503,111.43931
2020-01-05 09:30:14,87.25584,111.43884
2020-01-05 10:00:15,87.25669,111.43781
2020-01-05 10:30:14,87.25758,111.43651
2020-01-05 11:00:14,87.25842,111.43494
2020-01-05 11:30:15,87.25931,111.4332
2020-01-05 12:00:14,87.26022,111.4315
2020-01-05 12:30:14,87.26116,111.42973
2020-01-05 13:00:15,87.26212,111.42856
2020-01-05 13:30:14,87.26308,111.42786
2020-01-05 14:00:14,87.26408,111.4277
2020-01-05 14:30:14,87.26511,111.42804
2020-01-05 15:00:15,87.26616,111.42931
2020-01-05 15:30:14,87.26724,111.43114
2020-01-05 16:00:14,87.26833,111.43304
2020-01-05 16:30:15,87.26942,111.43542
2020-01-05 17:00:14,87.27042,111.43785
2020-01-05 17:30:14,87.2714,111.4407
2020-01-05 18:00:15,87.27225,111.44343
2020-01-05 18:30:14,87.27296,111.44603
2020-01-05 19:00:14,87.27365,111.44837
2020-01-05 19:30:14,87.27427,111.45003
2020-01-05 20:00:15,87.27488,111.45044
2020-01-05 20:30:14,87.27565,111.44823
2020-01-05 21:00:14,87.2764,111.4452
2020-01-05 21:30:15,87.2772,111.44145
2020-01-05 22:00:14,87.27797,111.437
2020-01-05 22:30:14,87.27866,111.43201
2020-01-05 23:00:15,87.27923,111.42649
2020-01-05 23:30:14,87.27971,111.42027
2020-01-06 00:00:14,87.28017,111.41277
2020-01-06 00:30:14,87.28076,111.40523
2020-01-06 01:00:15,87.28139,111.39806
2020-01-06 01:30:14,87.28205,111.39107
2020-01-06 02:00:14,87.28273,111.3846
2020-01-06 02:30:15,87.28342,111.37849
2020-01-06 03:00:14,87.2841,111.37299
2020-01-06 03:30:14,87.28481,111.36747
2020-01-06 04:00:15,87.28549,111.36177
2020-01-06 04:30:14,87.2862,111.35619
2020-01-06 05:00:14,87.28687,111.35103
2020-01-06 05:30:14,87.28754,111.34559
2020-01-06 06:00:15,87.28817,111.33936
2020-01-06 06:30:14,87.28872,111.33318
2020-01-06 07:00:14,87.28922,111.32653
2020-01-06 07:30:15,87.28968,111.31961
2020-01-06 08:00:14,87.29009,111.31207
2020-01-06 08:30:14,87.29053,111.30411
2020-01-06 09:00:15,87.29093,111.29562
2020-01-06 09:30:14,87.29129,111.28584
2020-01-06 10:00:14,87.29166,111.27564
2020-01-06 10:30:14,87.29202,111.2655
2020-01-06 11:00:15,87.29241,111.25528
2020-01-06 11:30:14,87.29282,111.24472
2020-01-06 12:00:14,87.29327,111.2342
2020-01-06 12:30:15,87.29373,111.22411
2020-01-06 13:00:14,87.2942,111.21426
2020-01-06 13:30:14,87.29469,111.20425
2020-01-06 14:00:15,87.2952,111.19432
2020-01-06 14:30:14,87.29569,111.18468
2020-01-06 15:00:14,87.29621,111.17524
2020-01-06 15:30:15,87.29685,111.16584
2020-01-06 16:00:14,87.29749,111.15709
2020-01-06 16:30:14,87.29794,111.14806
2020-01-06 17:00:14,87.29805,111.13931
2020-01-06 17:30:15,87.2981,111.13062
2020-01-06 18:00:14,87.29823,111.12181
2020-01-06 18:30:14,87.29842,111.11268
2020-01-06 19:00:15,87.29867,111.10404
2020-01-06 19:30:14,87.29899,111.09577
2020-01-06 20:00:14,87.2992,111.08721
2020-01-06 20:30:15,87.29942,111.07811
2020-01-06 21:00:14,87.29968,111.06893
2020-01-06 21:30:14,87.29999,111.0604
2020-01-06 22:00:14,87.30037,111.05227
2020-01-06 22:30:15,87.3009,111.04336
2020-01-06 23:00:14,87.3014,111.03547
2020-01-06 23:30:14,87.30195,111.0285
2020-01-07 00:00:15,87.30264,111.02064
2020-01-07 00:30:14,87.30333,111.01332
2020-01-07 01:00:14,87.30396,111.0074
2020-01-07 01:30:15,87.30452,111.00275
2020-01-07 02:00:14,87.30515,110.99802
2020-01-07 02:30:14,87.30575,110.99417
2020-01-07 03:00:14,87.30644,110.99262
2020-01-07 03:30:15,87.30714,110.99126
2020-01-07 04:00:14,87.30788,110.99051
2020-01-07 04:30:14,87.30871,110.99005
2020-01-07 05:00:15,87.30956,110.98976
2020-01-07 05:30:14,87.3102,110.98932
2020-01-07 06:00:14,87.31078,110.99043
2020-01-07 06:30:15,87.31128,110.99194
2020-01-07 07:00:14,87.31178,110.99569
2020-01-07 07:30:14,87.3121,110.99927
2020-01-07 08:00:14,87.31226,111.00494
2020-01-07 08:30:15,87.31239,111.00974
2020-01-07 09:00:14,87.31258,111.01655
2020-01-07 09:30:14,87.31267,111.02447
2020-01-07 10:00:15,87.31261,111.03355
2020-01-07 10:30:14,87.31274,111.04243
2020-01-07 11:00:14,87.31271,111.05254
2020-01-07 11:30:14,87.31261,111.06313
2020-01-07 12:00:15,87.31237,111.07441
2020-01-07 12:30:14,87.31221,111.08444
2020-01-07 13:00:14,87.31237,111.09338
2020-01-07 13:30:15,87.31245,111.10592
2020-01-07 14:00:14,87.31261,111.11772
2020-01-07 14:30:14,87.31269,111.13088
2020-01-07 15:00:15,87.31271,111.14499
2020-01-07 15:30:14,87.31276,111.15953
2020-01-07 16:00:14,87.31283,111.17377
2020-01-07 16:30:14,87.31263,111.18951
2020-01-07 17:00:15,87.31256,111.2054
2020-01-07 17:30:14,87.31253,111.22208
2020-01-07 18:00:14,87.31247,111.23877
2020-01-07 18:30:15,87.31248,111.25546
2020-01-07 19:00:14,87.31245,111.27064
2020-01-07 19:30:14,87.31245,111.28488
2020-01-07 20:00:15,87.31236,111.29997
2020-01-07 20:30:14,87.31221,111.3166
2020-01-07 21:00:14,87.31207,111.33343
2020-01-07 21:30:14,87.31197,111.34877
2020-01-07 22:00:15,87.31192,111.3633
2020-01-07 22:30:14,87.3118,111.37616
2020-01-07 23:00:14,87.31162,111.38792
2020-01-07 23:30:15,87.31136,111.39822
2020-01-08 00:00:14,87.31112,111.40842
2020-01-08 00:30:14,87.31089,111.418
2020-01-08 01:00:14,87.31072,111.42986
2020-01-08 01:30:15,87.31067,111.44181
2020-01-08 02:00:14,87.31056,111.45345
2020-01-08 02:30:14,87.31046,111.46526
2020-01-08 03:00:15,87.31042,111.47692
2020-01-08 03:30:14,87.31033,111.48869
2020-01-08 04:00:14,87.31042,111.5
2020-01-08 04:30:15,87.31046,111.50912
2020-01-08 05:00:14,87.31055,111.51592
2020-01-08 05:30:14,87.31075,111.52058
2020-01-08 06:00:14,87.31091,111.52551
2020-01-08 06:30:15,87.31104,111.53024
2020-01-08 07:00:14,87.31116,111.53424
2020-01-08 07:30:14,87.31135,111.53574
2020-01-08 08:00:15,87.31149,111.53619
2020-01-08 08:30:14,87.31171,111.53615
2020-01-08 09:00:14,87.31178,111.53625
2020-01-08 09:30:14,87.31188,111.53687
2020-01-08 10:00:15,87.31207,111.53649
2020-01-08 10:30:14,87.31255,111.53252
2020-01-08 11:00:14,87.3129,111.52756
2020-01-08 11:30:15,87.31321,111.52174
2020-01-08 12:00:14,87.31352,111.51447
2020-01-08 12:30:14,87.31395,111.50537
2020-01-08 13:00:14,87.31437,111.49512
2020-01-08 13:30:15,87.31474,111.4852
2020-01-08 14:00:14,87.31511,111.47643
2020-01-08 14:30:14,87.31556,111.46736
2020-01-08 15:00:15,87.31606,111.45745
2020-01-08 15:30:14,87.31665,111.44641
2020-01-08 16:00:14,87.31728,111.43613
2020-01-08 16:30:14,87.31792,111.42731
2020-01-08 17:00:15,87.31852,111.41833
2020-01-08 17:30:14,87.3192,111.40765
2020-01-08 18:00:14,87.31998,111.396
2020-01-08 18:30:15,87.32069,111.38231
2020-01-08 19:00:14,87.32137,111.36867
2020-01-08 19:30:14,87.32203,111.35577
2020-01-08 20:00:15,87.32276,111.34304
2020-01-08 20:30:14,87.32352,111.32943
2020-01-08 21:00:14,87.32435,111.31404
2020-01-08 21:30:14,87.32507,111.29928
2020-01-08 22:00:15,87.3258,111.28336
2020-01-08 22:30:14,87.32649,111.26659
2020-01-08 23:00:14,87.3272,111.24899
2020-01-08 23:30:15,87.32783,111.22956
2020-01-09 00:00:14,87.32841,111.20971
2020-01-09 00:30:14,87.32904,111.18892
2020-01-09 01:00:15,87.32967,111.16697
2020-01-09 01:30:14,87.33024,111.14389
2020-01-09 02:00:14,87.3308,111.11944
2020-01-09 02:30:14,87.33141,111.09404
2020-01-09 03:00:15,87.33202,111.0676
2020-01-09 03:30:14,87.33265,111.0407
2020-01-09 04:00:14,87.33334,111.01361
2020-01-09 04:30:15,87.33405,110.98586
2020-01-09 05:00:14,87.33476,110.95765
2020-01-09 05:30:14,87.33549,110.92892
2020-01-09 06:00:15,87.33623,110.89951
2020-01-09 06:30:14,87.33698,110.86985
2020-01-09 07:00:14,87.33771,110.8396
2020-01-09 07:30:14,87.33844,110.80907
2020-01-09 08:00:15,87.33915,110.7786
2020-01-09 08:30:14,87.33988,110.74865
2020-01-09 09:00:14,87.34058,110.71779
2020-01-09 09:30:15,87.34126,110.68668
2020-01-09 10:00:14,87.34195,110.65544
2020-01-09 10:30:14,87.34261,110.62361
2020-01-09 11:00:15,87.34329,110.59181
2020-01-09 11:30:14,87.34397,110.5602
2020-01-09 12:00:14,87.34463,110.52823
2020-01-09 12:30:14,87.34528,110.49665
2020-01-09 13:00:15,87.34593,110.46452
2020-01-09 13:30:14,87.34661,110.43201
2020-01-09 14:00:14,87.34729,110.39986
2020-01-09 14:30:15,87.34802,110.36816
2020-01-09 15:00:14,87.3488,110.33682
2020-01-09 15:30:14,87.34959,110.30515
2020-01-09 16:00:15,87.35037,110.2747
2020-01-09 16:30:14,87.35124,110.24548
2020-01-09 17:00:14,87.35204,110.21647
2020-01-09 17:30:14,87.35288,110.18764
2020-01-09 18:00:15,87.35369,110.15884
2020-01-09 18:30:14,87.35444,110.12984
2020-01-09 19:00:14,87.35516,110.10032
2020-01-09 19:30:15,87.35584,110.07103
2020-01-09 20:00:14,87.35649,110.04193
2020-01-09 20:30:14,87.35708,110.01237
2020-01-09 21:00:15,87.35764,109.98313
2020-01-09 21:30:14,87.35816,109.95353
2020-01-09 22:00:14,87.35857,109.92244
2020-01-09 22:30:14,87.35893,109.89034
2020-01-09 23:00:15,87.35932,109.85747
2020-01-09 23:30:14,87.35964,109.82293
2020-01-10 00:00:14,87.35991,109.78671
2020-01-10 00:30:15,87.36027,109.7495
2020-01-10 01:00:14,87.3606,109.71189
2020-01-10 01:30:14,87.36093,109.67444
2020-01-10 02:00:15,87.36131,109.63709
2020-01-10 02:30:14,87.36168,109.6
2020-01-10 03:00:14,87.36207,109.56342
2020-01-10 03:30:14,87.36241,109.52679
2020-01-10 04:00:15,87.36277,109.4894
2020-01-10 04:30:14,87.36317,109.45167
2020-01-10 05:00:14,87.36361,109.41357
2020-01-10 05:30:15,87.36411,109.37507
2020-01-10 06:00:14,87.36465,109.33643
2020-01-10 06:30:14,87.3652,109.29742
2020-01-10 07:00:15,87.36585,109.25783
2020-01-10 07:30:14,87.36651,109.21889
2020-01-10 08:00:14,87.3672,109.18029
2020-01-10 08:30:14,87.36789,109.14117
2020-01-10 09:00:15,87.36858,109.10183
2020-01-10 09:30:14,87.36933,109.06332
2020-01-10 10:00:14,87.37012,109.02536
2020-01-10 10:30:15,87.37088,108.98682
2020-01-10 11:00:14,87.37161,108.94846
2020-01-10 11:30:14,87.37234,108.90968
2020-01-10 12:00:15,87.37307,108.87083
2020-01-10 12:30:14,87.37375,108.83209
2020-01-10 13:00:14,87.3744,108.79327
2020-01-10 13:30:14,87.37505,108.75446
2020-01-10 14:00:15,87.37569,108.71558
2020-01-10 14:30:14,87.37637,108.6769
2020-01-10 15:00:14,87.37705,108.63805
2020-01-10 15:30:15,87.37773,108.59995
2020-01-10 16:00:14,87.3784,108.5621
2020-01-10 16:30:14,87.37908,108.52517
2020-01-10 17:00:15,87.37978,108.48892
2020-01-10 17:30:14,87.38046,108.45271
2020-01-10 18:00:14,87.38113,108.41676
2020-01-10 18:30:14,87.38185,108.38203
2020-01-10 19:00:15,87.38258,108.347
2020-01-10 19:30:14,87.38333,108.31126
2020-01-10 20:00:14,87.38412,108.275
2020-01-10 20:30:15,87.3848,108.23832
2020-01-10 21:00:14,87.38552,108.2018
2020-01-10 21:30:14,87.38633,108.16292
2020-01-10 22:00:15,87.38702,108.12536
2020-01-10 22:30:14,87.38775,108.08656
2020-01-10 23:00:14,87.38848,108.04596
2020-01-10 23:30:15,87.38924,108.00275
2020-01-11 00:00:14,87.38989,107.95901
2020-01-11 00:30:14,87.39068,107.91599
2020-01-11 01:00:15,87.39146,107.87495
2020-01-11 01:30:14,87.39228,107.83405
2020-01-11 02:00:14,87.39316,107.79116
2020-01-11 02:30:15,87.39394,107.74889
2020-01-11 03:00:14,87.39468,107.70885
2020-01-11 03:30:14,87.39545,107.66978
2020-01-11 04:00:15,87.3964,107.62965
2020-01-11 04:30:14,87.39729,107.59017
2020-01-11 05:00:14,87.39824,107.54949
2020-01-11 05:30:15,87.39925,107.50936
2020-01-11 06:00:14,87.40022,107.4702
2020-01-11 06:30:14,87.40132,107.43096
2020-01-11 07:00:15,87.40248,107.39255
2020-01-11 07:30:14,87.40366,107.35458
2020-01-11 08:00:14,87.40484,107.3167
2020-01-11 08:30:15,87.40591,107.28016
2020-01-11 09:00:14,87.407,107.24412
2020-01-11 09:30:14,87.40813,107.20529
2020-01-11 10:00:15,87.40926,107.16739
2020-01-11 10:30:14,87.41042,107.12989
2020-01-11 11:00:14,87.41167,107.0918
2020-01-11 11:30:15,87.41293,107.0547
2020-01-11 12:00:14,87.41417,107.01924
2020-01-11 12:30:14,87.4154,106.98432
2020-01-11 13:00:15,87.41661,106.94939
2020-01-11 13:30:14,87.41784,106.91538
2020-01-11 14:00:14,87.41905,106.8821
2020-01-11 14:30:15,87.42025,106.84944
2020-01-11 15:00:14,87.42141,106.81756
2020-01-11 15:30:14,87.42256,106.78596
2020-01-11 16:00:15,87.42376,106.75359
2020-01-11 16:30:14,87.42499,106.72136
2020-01-11 17:00:14,87.4262,106.6888
2020-01-11 17:30:15,87.42744,106.65553
2020-01-11 18:00:14,87.42868,106.62213
2020-01-11 18:30:14,87.42992,106.58762
2020-01-11 19:00:15,87.43113,106.55325
2020-01-11 19:30:14,87.43225,106.51985
2020-01-11 20:00:14,87.43343,106.48575
2020-01-11 20:30:15,87.43464,106.45112
2020-01-11 21:00:14,87.43581,106.41624
2020-01-11 21:30:14,87.43704,106.37908
2020-01-11 22:00:15,87.43822,106.34184
2020-01-11 22:30:14,87.43937,106.30445
2020-01-11 23:00:14,87.44054,106.26598
2020-01-11 23:30:15,87.44165,106.2263
2020-01-12 00:00:14,87.44265,106.18732
2020-01-12 00:30:14,87.44366,106.1469
2020-01-12 01:00:15,87.44471,106.10565
2020-01-12 01:30:14,87.44564,106.0649
2020-01-12 02:00:14,87.44655,106.0232
2020-01-12 02:30:15,87.44743,105.98119
2020-01-12 03:00:14,87.4482,105.93867
2020-01-12 03:30:14,87.44889,105.89621
2020-01-12 04:00:15,87.44953,105.8544
2020-01-12 04:30:14,87.45013,105.81326
2020-01-12 05:00:14,87.45073,105.77174
2020-01-12 05:30:15,87.45126,105.73138
2020-01-12 06:00:14,87.45177,105.69115
2020-01-12 06:30:14,87.45233,105.65128
2020-01-12 07:00:15,87.45296,105.6097
2020-01-12 07:30:14,87.45367,105.56681
2020-01-12 08:00:14,87.45443,105.52384
2020-01-12 08:30:15,87.45516,105.48124
2020-01-12 09:00:14,87.45596,105.43796
2020-01-12 09:30:14,87.45677,105.3954
2020-01-12 10:00:15,87.45759,105.35258
2020-01-12 10:30:14,87.4584,105.3093
2020-01-12 11:00:14,87.45918,105.26614
2020-01-12 11:30:15,87.46001,105.22282
2020-01-12 12:00:14,87.46096,105.17963
2020-01-12 12:30:14,87.46181,105.13734
2020-01-12 13:00:15,87.46269,105.09367
2020-01-12 13:30:14,87.46336,105.05268
2020-01-12 14:00:14,87.464,105.01247
2020-01-12 14:30:15,87.46469,104.97227
2020-01-12 15:00:14,87.46526,104.93266
2020-01-12 15:30:14,87.46571,104.89282
2020-01-12 16:00:15,87.46613,104.85268
2020-01-12 16:30:14,87.46658,104.81148
2020-01-12 17:00:14,87.46703,104.77058
2020-01-12 17:30:14,87.46756,104.72905
2020-01-12 18:00:15,87.46815,104.68674
2020-01-12 18:30:14,87.46879,104.64184
2020-01-12 19:00:14,87.46949,104.59525
2020-01-12 19:30:15,87.47025,104.5463
2020-01-12 20:00:14,87.47111,104.49604
2020-01-12 20:30:14,87.47207,104.4444
2020-01-12 21:00:15,87.47305,104.39111
2020-01-12 21:30:14,87.47412,104.33604
2020-01-12 22:00:14,87.4753,104.27985
2020-01-12 22:30:15,87.47656,104.22272
2020-01-12 23:00:14,87.47781,104.16591
2020-01-12 23:30:14,87.47908,104.10964
2020-01-13 00:00:15,87.48031,104.05408
2020-01-13 00:30:14,87.48153,103.9977
2020-01-13 01:00:14,87.48273,103.94109
2020-01-13 01:30:15,87.48395,103.88335
2020-01-13 02:00:14,87.48516,103.8268
2020-01-13 02:30:14,87.48636,103.76981
2020-01-13 03:00:15,87.48756,103.71193
2020-01-13 03:30:14,87.48871,103.65423
2020-01-13 04:00:14,87.48978,103.59577
2020-01-13 04:30:15,87.49088,103.53584
2020-01-13 05:00:14,87.49205,103.4742
2020-01-13 05:30:14,87.49329,103.41163
2020-01-13 06:00:15,87.49463,103.34689
2020-01-13 06:30:14,87.49601,103.28111
2020-01-13 07:00:14,87.49749,103.21372
2020-01-13 07:30:15,87.49902,103.14571
2020-01-13 08:00:14,87.50059,103.0772
2020-01-13 08:30:14,87.50216,103.00931
2020-01-13 09:00:15,87.50381,102.94131
2020-01-13 09:30:14,87.50551,102.8737
2020-01-13 10:00:14,87.50728,102.80695
2020-01-13 10:30:15,87.50906,102.74003
2020-01-13 11:00:14,87.51086,102.6744
2020-01-13 11:30:14,87.51261,102.6115
2020-01-13 12:00:15,87.51429,102.55035
2020-01-13 12:30:14,87.51591,102.49121
2020-01-13 13:00:14,87.51743,102.43349
2020-01-13 13:30:15,87.51889,102.37734
2020-01-13 14:00:14,87.52029,102.32271
2020-01-13 14:30:14,87.52161,102.26962
2020-01-13 15:00:14,87.52288,102.21724
2020-01-13 15:30:15,87.52413,102.16463
2020-01-13 16:00:14,87.52538,102.11089
2020-01-13 16:30:14,87.52661,102.05621
2020-01-13 17:00:15,87.52786,102.00095
2020-01-13 17:30:14,87.52914,101.94453
2020-01-13 18:00:14,87.53046,101.88711
2020-01-13 18:30:15,87.53181,101.82949
2020-01-13 19:00:14,87.53321,101.77103
2020-01-13 19:30:14,87.53468,101.71224
2020-01-13 20:00:15,87.53622,101.65366
2020-01-13 20:30:14,87.53776,101.59593
2020-01-13 21:00:14,87.53945,101.53856
2020-01-13 21:30:14,87.54121,101.48222
2020-01-13 22:00:15,87.543,101.42638
2020-01-13 22:30:14,87.54472,101.3727
2020-01-13 23:00:14,87.54641,101.32025
2020-01-13 23:30:15,87.54807,101.26807
2020-01-14 00:00:14,87.54968,101.21693
2020-01-14 00:30:14,87.55131,101.16618
2020-01-14 01:00:15,87.55281,101.11646
2020-01-14 01:30:14,87.55434,101.06797
2020-01-14 02:00:14,87.55582,101.02096
2020-01-14 02:30:14,87.5572,100.97581
2020-01-14 03:00:15,87.55862,100.93193
2020-01-14 03:30:14,87.55997,100.88902
2020-01-14 04:00:14,87.56123,100.84732
2020-01-14 04:30:15,87.56247,100.80625
2020-01-14 05:00:14,87.56365,100.76496
2020-01-14 05:30:14,87.56472,100.72243
2020-01-14 06:00:15,87.56572,100.67995
2020-01-14 06:30:14,87.56673,100.63738
2020-01-14 07:00:14,87.56789,100.59544
2020-01-14 07:30:14,87.56897,100.55315
2020-01-14 08:00:15,87.57007,100.511
2020-01-14 08:30:14,87.57118,100.46901
2020-01-14 09:00:14,87.5723,100.42619
2020-01-14 09:30:15,87.57344,100.38292
2020-01-14 10:00:14,87.57448,100.34137
2020-01-14 10:30:14,87.57556,100.29897
2020-01-14 11:00:14,87.57671,100.25731
2020-01-14 11:30:15,87.57781,100.21763
2020-01-14 12:00:14,87.5789,100.17815
2020-01-14 12:30:14,87.57992,100.13989
2020-01-14 13:00:15,87.58095,100.10221
2020-01-14 13:30:14,87.58186,100.06535
2020-01-14 14:00:14,87.5828,100.0295
2020-01-14 14:30:15,87.58371,99.99305
2020-01-14 15:00:14,87.58456,99.95729
2020-01-14 15:30:14,87.58541,99.92075
2020-01-14 16:00:14,87.58623,99.88431
2020-01-14 16:30:15,87.587,99.84811
2020-01-14 17:00:14,87.58769,99.81151
2020-01-14 17:30:14,87.58844,99.77328
2020-01-14 18:00:15,87.58921,99.73531
2020-01-14 18:30:14,87.58996,99.69784
2020-01-14 19:00:14,87.59072,99.66026
2020-01-14 19:30:15,87.59153,99.62313
2020-01-14 20:00:14,87.5924,99.5856
2020-01-14 20:30:14,87.59331,99.54755
2020-01-14 21:00:14,87.59432,99.51038
2020-01-14 21:30:15,87.59536,99.47346
2020-01-14 22:00:14,87.5964,99.43758
2020-01-14 22:30:14,87.59756,99.39972
2020-01-14 23:00:15,87.59875,99.36207
2020-01-14 23:30:14,87.59998,99.32594
2020-01-15 00:00:14,87.60125,99.29018
2020-01-15 00:30:15,87.60249,99.2533
2020-01-15 01:00:14,87.60381,99.21547
2020-01-15 01:30:14,87.60515,99.1762
2020-01-15 02:00:15,87.60641,99.13659
2020-01-15 02:30:14,87.60772,99.09737
2020-01-15 03:00:14,87.60892,99.0578
2020-01-15 03:30:15,87.61002,99.01897
2020-01-15 04:00:14,87.61111,98.97906
2020-01-15 04:30:14,87.61214,98.93922
2020-01-15 05:00:15,87.61314,98.89608
2020-01-15 05:30:14,87.6143,98.84763
2020-01-15 06:00:14,87.61556,98.79482
2020-01-15 06:30:14,87.61667,98.74449
2020-01-15 07:00:15,87.61778,98.69395
2020-01-15 07:30:14,87.61874,98.64204
2020-01-15 08:00:14,87.61985,98.58672
2020-01-15 08:30:15,87.62115,98.52902
2020-01-15 09:00:14,87.62261,98.46868
2020-01-15 09:30:14,87.6242,98.4073
2020-01-15 10:00:15,87.62573,98.34695
2020-01-15 10:30:14,87.6273,98.289
2020-01-15 11:00:14,87.62897,98.23345
2020-01-15 11:30:15,87.63068,98.1807
2020-01-15 12:00:14,87.63245,98.12955
2020-01-15 12:30:14,87.63444,98.07619
2020-01-15 13:00:15,87.63628,98.02515
2020-01-15 13:30:14,87.63786,97.97765
2020-01-15 14:00:14,87.63945,97.93236
2020-01-15 14:30:14,87.64103,97.88937
2020-01-15 15:00:15,87.64262,97.84784
2020-01-15 15:30:14,87.64419,97.80795
2020-01-15 16:00:14,87.64585,97.77021
2020-01-15 16:30:15,87.64754,97.73354
2020-01-15 17:00:14,87.64936,97.69733
2020-01-15 17:30:14,87.65124,97.66311
2020-01-15 18:00:15,87.65323,97.6311
2020-01-15 18:30:14,87.65536,97.5993
2020-01-15 19:00:14,87.65765,97.56747
2020-01-15 19:30:15,87.6601,97.53413
2020-01-15 20:00:14,87.66258,97.5012
2020-01-15 20:30:14,87.66509,97.46786
2020-01-15 21:00:14,87.66761,97.43421
2020-01-15 21:30:15,87.67016,97.40024
2020-01-15 22:00:14,87.67271,97.36626
2020-01-15 22:30:14,87.67522,97.33192
2020-01-15 23:00:15,87.67767,97.29668
2020-01-15 23:30:14,87.68008,97.26089
2020-01-16 00:00:14,87.68244,97.22403
2020-01-16 00:30:15,87.68478,97.18626
2020-01-16 01:00:14,87.68704,97.14764
2020-01-16 01:30:14,87.68922,97.10835
2020-01-16 02:00:15,87.69132,97.06823
2020-01-16 02:30:14,87.69334,97.02727
2020-01-16 03:00:14,87.6952,96.98508
2020-01-16 03:30:15,87.69696,96.94164
2020-01-16 04:00:14,87.69862,96.89763
2020-01-16 04:30:14,87.7002,96.85305
2020-01-16 05:00:15,87.70164,96.80801
2020-01-16 05:30:14,87.7029,96.76305
2020-01-16 06:00:14,87.70404,96.71763
2020-01-16 06:30:14,87.70511,96.67081
2020-01-16 07:00:15,87.70611,96.62257
2020-01-16 07:30:14,87.70702,96.57266
2020-01-16 08:00:14,87.70788,96.52139
2020-01-16 08:30:15,87.70872,96.46976
2020-01-16 09:00:14,87.70952,96.418
2020-01-16 09:30:14,87.71027,96.36614
2020-01-16 10:00:15,87.71085,96.31606
2020-01-16 10:30:14,87.71136,96.26687
2020-01-16 11:00:14,87.7118,96.21719
2020-01-16 11:30:15,87.71224,96.16732
2020-01-16 12:00:14,87.71268,96.11699
2020-01-16 12:30:14,87.71305,96.06645
2020-01-16 13:00:15,87.71332,96.01643
2020-01-16 13:30:14,87.71352,95.96683
2020-01-16 14:00:14,87.71362,95.9172
2020-01-16 14:30:15,87.71349,95.86639
2020-01-16 15:00:14,87.71329,95.81488
2020-01-16 15:30:14,87.71297,95.76318
2020-01-16 16:00:15,87.71255,95.71069
2020-01-16 16:30:14,87.71204,95.65684
2020-01-16 17:00:14,87.71149,95.6026
2020-01-16 17:30:14,87.71091,95.54778
2020-01-16 18:00:15,87.7102,95.48939
2020-01-16 18:30:14,87.70947,95.42975
2020-01-16 19:00:14,87.70877,95.37116
2020-01-16 19:30:15,87.70796,95.30803
2020-01-16 20:00:14,87.70723,95.24943
2020-01-16 20:30:14,87.70648,95.19049
2020-01-16 21:00:15,87.70575,95.12919
2020-01-16 21:30:14,87.70501,95.06777
2020-01-16 22:00:14,87.7042,95.00893
2020-01-16 22:30:15,87.70341,94.95358
2020-01-16 23:00:14,87.70265,94.89941
2020-01-16 23:30:14,87.7019,94.84695
2020-01-17 00:00:14,87.70108,94.79662
2020-01-17 00:30:15,87.70017,94.74708
2020-01-17 01:00:14,87.69919,94.69872
2020-01-17 01:30:14,87.69805,94.65034
2020-01-17 02:00:15,87.6968,94.6032
2020-01-17 02:30:14,87.69534,94.55595
2020-01-17 03:00:14,87.6936,94.50865
2020-01-17 03:30:15,87.69168,94.46172
2020-01-17 04:00:14,87.68963,94.41659
2020-01-17 04:30:14,87.68737,94.37184
2020-01-17 05:00:15,87.68501,94.32985
2020-01-17 05:30:14,87.6824,94.28886
2020-01-17 06:00:14,87.67936,94.24836
2020-01-17 06:30:14,87.67624,94.20891
2020-01-17 07:00:15,87.67333,94.17506
2020-01-17 07:30:14,87.67028,94.14309
2020-01-17 08:00:14,87.66702,94.10899
2020-01-17 08:30:15,87.66359,94.07214
2020-01-17 09:00:14,87.66024,94.03542
2020-01-17 09:30:14,87.65696,93.99884
2020-01-17 10:00:15,87.65371,93.96335
2020-01-17 10:30:14,87.65061,93.92883
2020-01-17 11:00:14,87.64767,93.89523
2020-01-17 11:30:15,87.64481,93.862
2020-01-17 12:00:14,87.64196,93.83002
2020-01-17 12:30:14,87.63916,93.79808
2020-01-17 13:00:14,87.63636,93.76603
2020-01-17 13:30:15,87.63358,93.73422
2020-01-17 14:00:14,87.63081,93.70316
2020-01-17 14:30:14,87.62803,93.67184
2020-01-17 15:00:15,87.62524,93.64093
2020-01-17 15:30:14,87.62247,93.61079
2020-01-17 16:00:14,87.61968,93.58144
2020-01-17 16:30:15,87.61687,93.55222
2020-01-17 17:00:14,87.61408,93.52374
2020-01-17 17:30:14,87.61128,93.49512
2020-01-17 18:00:15,87.60849,93.46736
2020-01-17 18:30:14,87.60574,93.4399
2020-01-17 19:00:14,87.60305,93.41315
2020-01-17 19:30:14,87.60049,93.38744
2020-01-17 20:00:15,87.59801,93.36317
2020-01-17 20:30:14,87.59559,93.34036
2020-01-17 21:00:14,87.59322,93.31868
2020-01-17 21:30:15,87.5908,93.29726
2020-01-17 22:00:14,87.58837,93.27618
2020-01-17 22:30:14,87.586,93.25571
2020-01-17 23:00:15,87.58364,93.23561
2020-01-17 23:30:14,87.58129,93.21601
2020-01-18 00:00:14,87.57906,93.19766
2020-01-18 00:30:14,87.57693,93.18075
2020-01-18 01:00:15,87.57478,93.16422
2020-01-18 01:30:14,87.57255,93.14876
2020-01-18 02:00:14,87.57034,93.1346
2020-01-18 02:30:15,87.56823,93.12189
2020-01-18 03:00:14,87.56622,93.1104
2020-01-18 03:30:14,87.56419,93.09861
2020-01-18 04:00:15,87.56221,93.08673
2020-01-18 04:30:14,87.56028,93.07594
2020-01-18 05:00:14,87.55856,93.06654
2020-01-18 05:30:14,87.55688,93.05894
2020-01-18 06:00:15,87.55529,93.05322
2020-01-18 06:30:14,87.55379,93.04839
2020-01-18 07:00:14,87.55231,93.04571
2020-01-18 07:30:15,87.55084,93.04441
2020-01-18 08:00:14,87.54942,93.04388
2020-01-18 08:30:14,87.54803,93.04375
2020-01-18 09:00:15,87.54667,93.04423
2020-01-18 09:30:14,87.5453,93.04391
2020-01-18 10:00:14,87.54408,93.04301
2020-01-18 10:30:14,87.54287,93.0422
2020-01-18 11:00:15,87.54169,93.04144
2020-01-18 11:30:14,87.54056,93.04195
2020-01-18 12:00:14,87.53961,93.0446
2020-01-18 12:30:15,87.53863,93.04803
2020-01-18 13:00:14,87.53767,93.05244
2020-01-18 13:30:14,87.53674,93.05745
2020-01-18 14:00:15,87.5359,93.06332
2020-01-18 14:30:14,87.5351,93.06996
2020-01-18 15:00:14,87.53435,93.07783
2020-01-18 15:30:14,87.53364,93.08649
2020-01-18 16:00:15,87.53324,93.09673
2020-01-18 16:30:14,87.53276,93.1054
2020-01-18 17:00:14,87.53236,93.11419
2020-01-18 17:30:15,87.53194,93.1235
2020-01-18 18:00:14,87.53159,93.13158
2020-01-18 18:30:14,87.53124,93.13911
2020-01-18 19:00:15,87.53088,93.14531
2020-01-18 19:30:14,87.53055,93.15079
2020-01-18 20:00:14,87.53024,93.15598
2020-01-18 20:30:15,87.52996,93.16215
2020-01-18 21:00:14,87.52972,93.16818
2020-01-18 21:30:14,87.52948,93.17412
2020-01-18 22:00:15,87.52934,93.17929
2020-01-18 22:30:14,87.52923,93.18503
2020-01-18 23:00:14,87.52918,93.18958
2020-01-18 23:30:15,87.52929,93.19213
2020-01-19 00:00:14,87.5295,93.19468
2020-01-19 00:30:14,87.52979,93.19646
2020-01-19 01:00:15,87.53009,93.1982
2020-01-19 01:30:14,87.53056,93.20023
2020-01-19 02:00:14,87.53103,93.20508
2020-01-19 02:30:15,87.53139,93.213
2020-01-19 03:00:14,87.53181,93.22057
2020-01-19 03:30:14,87.53228,93.22801
2020-01-19 04:00:15,87.53269,93.23427
2020-01-19 04:30:14,87.5331,93.23914
2020-01-19 05:00:14,87.53339,93.24449
2020-01-19 05:30:15,87.53364,93.24921
2020-01-19 06:00:14,87.53405,93.25111
2020-01-19 06:30:14,87.53445,93.25148
2020-01-19 07:00:15,87.53488,93.25016
2020-01-19 07:30:14,87.53537,93.24765
2020-01-19 08:00:14,87.53583,93.24447
2020-01-19 08:30:15,87.53622,93.24083
2020-01-19 09:00:14,87.53663,93.23636
2020-01-19 09:30:14,87.53695,93.23074
2020-01-19 10:00:15,87.53741,93.22473
2020-01-19 10:30:14,87.53777,93.2178
2020-01-19 11:00:14,87.5382,93.20939
2020-01-19 11:30:15,87.53877,93.20017
2020-01-19 12:00:14,87.53943,93.19054
2020-01-19 12:30:14,87.53996,93.17943
2020-01-19 13:00:15,87.5405,93.16549
2020-01-19 13:30:14,87.54113,93.14956
2020-01-19 14:00:14,87.54182,93.13228
2020-01-19 14:30:15,87.54264,93.1143
2020-01-19 15:00:14,87.54346,93.0965
2020-01-19 15:30:14,87.5443,93.07933
2020-01-19 16:00:15,87.54512,93.06075
2020-01-19 16:30:14,87.54592,93.04118
2020-01-19 17:00:14,87.54675,93.02077
2020-01-19 17:30:15,87.54758,93.00034
2020-01-19 18:00:14,87.54845,92.97994
2020-01-19 18:30:14,87.54932,92.95901
2020-01-19 19:00:15,87.55009,92.93806
2020-01-19 19:30:14,87.55111,92.91285
2020-01-19 20:00:14,87.55208,92.88708
2020-01-19 20:30:15,87.55308,92.86173
2020-01-19 21:00:14,87.55397,92.83778
2020-01-19 21:30:14,87.55502,92.81256
2020-01-19 22:00:15,87.55598,92.78668
2020-01-19 22:30:14,87.55717,92.75801
2020-01-19 23:00:14,87.55839,92.73006
2020-01-19 23:30:15,87.55959,92.70297
2020-01-20 00:00:14,87.56084,92.6759
2020-01-20 00:30:14,87.56208,92.64838
2020-01-20 01:00:15,87.56326,92.6222
2020-01-20 01:30:14,87.56437,92.59631
2020-01-20 02:00:14,87.56551,92.57092
2020-01-20 02:30:15,87.56665,92.5446
2020-01-20 03:00:14,87.56783,92.51784
2020-01-20 03:30:14,87.56902,92.48998
2020-01-20 04:00:15,87.57029,92.46125
2020-01-20 04:30:14,87.57153,92.43372
2020-01-20 05:00:14,87.5728,92.4072
2020-01-20 05:30:15,87.57403,92.38032
2020-01-20 06:00:14,87.57524,92.35413
2020-01-20 06:30:14,87.57642,92.32993
2020-01-20 07:00:15,87.57763,92.30502
2020-01-20 07:30:14,87.57879,92.2806
2020-01-20 08:00:14,87.5799,92.25521
2020-01-20 08:30:15,87.58096,92.22903
2020-01-20 09:00:14,87.58202,92.20513
2020-01-20 09:30:14,87.58309,92.18147
2020-01-20 10:00:15,87.58412,92.15735
2020-01-20 10:30:14,87.58509,92.13176
2020-01-20 11:00:14,87.58605,92.10547
2020-01-20 11:30:15,87.58708,92.0807
2020-01-20 12:00:14,87.58805,92.05516
2020-01-20 12:30:14,87.58907,92.02993
2020-01-20 13:00:15,87.59007,92.00414
2020-01-20 13:30:14,87.59109,91.97752
2020-01-20 14:00:14,87.59217,91.95083
2020-01-20 14:30:15,87.59324,91.92374
2020-01-20 15:00:14,87.59433,91.89683
2020-01-20 15:30:14,87.59545,91.87031
2020-01-20 16:00:15,87.59656,91.84333
2020-01-20 16:30:14,87.59763,91.81506
2020-01-20 17:00:14,87.59868,91.78703
2020-01-20 17:30:15,87.59976,91.76099
2020-01-20 18:00:14,87.6008,91.73531
2020-01-20 18:30:14,87.60184,91.7098
2020-01-20 19:00:15,87.60288,91.68273
2020-01-20 19:30:14,87.60388,91.65609
2020-01-20 20:00:14,87.60474,91.62897
2020-01-20 20:30:15,87.60567,91.60191
2020-01-20 21:00:14,87.60644,91.57308
2020-01-20 21:30:14,87.60728,91.54344
2020-01-20 22:00:15,87.60804,91.5117
2020-01-20 22:30:14,87.60877,91.48106
2020-01-20 23:00:14,87.60965,91.45156
2020-01-20 23:30:15,87.61054,91.42242
2020-01-21 00:00:14,87.61134,91.39228
2020-01-21 00:30:14,87.61211,91.36182
2020-01-21 01:00:15,87.61282,91.33081
2020-01-21 01:30:14,87.61357,91.29985
2020-01-21 02:00:14,87.61432,91.2694
2020-01-21 02:30:15,87.61497,91.23828
2020-01-21 03:00:14,87.61565,91.20836
2020-01-21 03:30:14,87.61632,91.17832
2020-01-21 04:00:15,87.61701,91.14758
2020-01-21 04:30:14,87.61764,91.11572
2020-01-21 05:00:14,87.61823,91.08357
2020-01-21 05:30:15,87.61879,91.05224
2020-01-21 06:00:14,87.61935,91.02097
2020-01-21 06:30:14,87.61987,90.98907
2020-01-21 07:00:15,87.62033,90.95709
2020-01-21 07:30:14,87.62074,90.92544
2020-01-21 08:00:14,87.62108,90.89378
2020-01-21 08:30:14,87.62138,90.86193
2020-01-21 09:00:15,87.62163,90.83022
2020-01-21 09:30:14,87.62183,90.79905
2020-01-21 10:00:14,87.62195,90.7674
2020-01-21 10:30:15,87.62202,90.73566
2020-01-21 11:00:14,87.62211,90.70381
2020-01-21 11:30:14,87.62218,90.67246
2020-01-21 12:00:15,87.62228,90.64175
2020-01-21 12:30:14,87.62238,90.61089
2020-01-21 13:00:14,87.62247,90.58022
2020-01-21 13:30:15,87.62256,90.54944
2020-01-21 14:00:14,87.62267,90.51857
2020-01-21 14:30:14,87.62276,90.48746
2020-01-21 15:00:15,87.62284,90.45612
2020-01-21 15:30:14,87.62291,90.42513
2020-01-21 16:00:14,87.62299,90.39405
2020-01-21 16:30:15,87.62305,90.36371
2020-01-21 17:00:14,87.62307,90.33376
2020-01-21 17:30:14,87.62309,90.30377
2020-01-21 18:00:15,87.62308,90.27361
2020-01-21 18:30:14,87.62305,90.24431
2020-01-21 19:00:14,87.62295,90.21564
2020-01-21 19:30:15,87.62277,90.18729
2020-01-21 20:00:14,87.62252,90.15952
2020-01-21 20:30:14,87.62227,90.13208
2020-01-21 21:00:15,87.62197,90.10506
2020-01-21 21:30:14,87.62167,90.07845
2020-01-21 22:00:14,87.62136,90.05209
2020-01-21 22:30:15,87.62097,90.02628
2020-01-21 23:00:14,87.62057,90.0005
2020-01-21 23:30:14,87.62015,89.97584
2020-01-22 00:00:15,87.61968,89.95081
2020-01-22 00:30:14,87.61916,89.92558
2020-01-22 01:00:14,87.61865,89.90091
2020-01-22 01:30:15,87.61813,89.87568
2020-01-22 02:00:14,87.61762,89.85072
2020-01-22 02:30:14,87.6171,89.82578
2020-01-22 03:00:15,87.61662,89.80081
2020-01-22 03:30:14,87.61613,89.7766
2020-01-22 04:00:14,87.61568,89.75323
2020-01-22 04:30:15,87.61521,89.73026
2020-01-22 05:00:14,87.61476,89.70807
2020-01-22 05:30:14,87.6143,89.68726
2020-01-22 06:00:15,87.61384,89.66675
2020-01-22 06:30:14,87.61337,89.64655
2020-01-22 07:00:14,87.61291,89.62691
2020-01-22 07:30:15,87.61246,89.60797
2020-01-22 08:00:14,87.61196,89.58904
2020-01-22 08:30:14,87.61143,89.56979
2020-01-22 09:00:15,87.61086,89.55103
2020-01-22 09:30:14,87.61028,89.53236
2020-01-22 10:00:14,87.60968,89.51284
2020-01-22 10:30:15,87.60906,89.49276
2020-01-22 11:00:14,87.60841,89.4735
2020-01-22 11:30:14,87.60773,89.4544
2020-01-22 12:00:15,87.60706,89.43483
2020-01-22 12:30:14,87.60635,89.41557
2020-01-22 13:00:14,87.60567,89.39677
2020-01-22 13:30:15,87.60493,89.3793
2020-01-22 14:00:14,87.60419,89.36229
2020-01-22 14:30:14,87.60344,89.3447
2020-01-22 15:00:15,87.60271,89.32568
2020-01-22 15:30:14,87.602,89.30701
2020-01-22 16:00:14,87.60132,89.2884
2020-01-22 16:30:15,87.6006,89.2701
2020-01-22 17:00:14,87.59985,89.2516
2020-01-22 17:30:14,87.59912,89.23265
2020-01-22 18:00:15,87.59839,89.21313
2020-01-22 18:30:14,87.59764,89.19286
2020-01-22 19:00:14,87.59688,89.17383
2020-01-22 19:30:15,87.59607,89.15516
2020-01-22 20:00:14,87.59525,89.13625
2020-01-22 20:30:14,87.59438,89.11644
2020-01-22 21:00:15,87.59351,89.09631
2020-01-22 21:30:14,87.5926,89.077
2020-01-22 22:00:14,87.59172,89.05744
2020-01-22 22:30:15,87.59088,89.03954
2020-01-22 23:00:14,87.58997,89.0214
2020-01-22 23:30:14,87.5891,89.0023
2020-01-23 00:00:15,87.58819,88.98412
2020-01-23 00:30:14,87.5873,88.96278
2020-01-23 01:00:14,87.58643,88.94236
2020-01-23 01:30:15,87.58556,88.92296
2020-01-23 02:00:14,87.58475,88.90318
2020-01-23 02:30:14,87.58391,88.88231
2020-01-23 03:00:15,87.58307,88.86016
2020-01-23 03:30:14,87.58224,88.83972
2020-01-23 04:00:14,87.58144,88.82066
2020-01-23 04:30:15,87.58073,88.80257
2020-01-23 05:00:14,87.58,88.78522
2020-01-23 05:30:14,87.57929,88.76851
2020-01-23 06:00:15,87.57861,88.75109
2020-01-23 06:30:14,87.57793,88.73348
2020-01-23 07:00:14,87.5772,88.71563
2020-01-23 07:30:15,87.57653,88.69787
2020-01-23 08:00:14,87.57583,88.68061
2020-01-23 08:30:14,87.57503,88.66312
2020-01-23 09:00:15,87.57424,88.64515
2020-01-23 09:30:14,87.57346,88.62752
2020-01-23 10:00:14,87.57269,88.60905
2020-01-23 10:30:15,87.57188,88.59201
2020-01-23 11:00:14,87.57101,88.57523
2020-01-23 11:30:14,87.57016,88.55827
2020-01-23 12:00:15,87.56929,88.54261
2020-01-23 12:30:14,87.56844,88.52668
2020-01-23 13:00:14,87.56765,88.51043
2020-01-23 13:30:15,87.56695,88.49471
2020-01-23 14:00:14,87.56624,88.47944
2020-01-23 14:30:14,87.56554,88.46394
2020-01-23 15:00:15,87.56481,88.44616
2020-01-23 15:30:14,87.56408,88.42724
2020-01-23 16:00:14,87.56337,88.40853
2020-01-23 16:30:15,87.56268,88.38729
2020-01-23 17:00:14,87.56204,88.36562
2020-01-23 17:30:14,87.56148,88.34245
2020-01-23 18:00:15,87.56094,88.31998
2020-01-23 18:30:14,87.5604,88.2935
2020-01-23 19:00:14,87.55988,88.26897
2020-01-23 19:30:15,87.55935,88.24447
2020-01-23 20:00:14,87.55884,88.21947
2020-01-23 20:30:14,87.55828,88.19544
2020-01-23 21:00:15,87.55772,88.17226
2020-01-23 21:30:14,87.55721,88.14961
2020-01-23 22:00:14,87.55672,88.12757
2020-01-23 22:30:15,87.55621,88.10522
2020-01-23 23:00:14,87.55568,88.08363
2020-01-23 23:30:14,87.55516,88.06237
2020-01-24 00:00:15,87.5547,88.04218
2020-01-24 00:30:14,87.55427,88.02235
2020-01-24 01:00:14,87.55388,88.00333
2020-01-24 01:30:15,87.55352,87.98537
2020-01-24 02:00:14,87.55317,87.96838
2020-01-24 02:30:14,87.55286,87.95205
2020-01-24 03:00:15,87.55254,87.93644
2020-01-24 03:30:14,87.55222,87.92126
2020-01-24 04:00:14,87.5519,87.90591
2020-01-24 04:30:15,87.55164,87.89166
2020-01-24 05:00:14,87.55141,87.87736
2020-01-24 05:30:14,87.55117,87.86327
2020-01-24 06:00:15,87.55093,87.84955
2020-01-24 06:30:14,87.55064,87.83576
2020-01-24 07:00:14,87.55032,87.82182
2020-01-24 07:30:15,87.55001,87.80827
2020-01-24 08:00:14,87.54969,87.7951
2020-01-24 08:30:14,87.54935,87.78235
2020-01-24 09:00:15,87.54899,87.76984
2020-01-24 09:30:14,87.54861,87.75774
2020-01-24 10:00:14,87.54821,87.7466
2020-01-24 10:30:15,87.54778,87.7362
2020-01-24 11:00:14,87.54736,87.72657
2020-01-24 11:30:14,87.54689,87.71716
2020-01-24 12:00:15,87.54641,87.70781
2020-01-24 12:30:14,87.54594,87.69894
2020-01-24 13:00:14,87.54543,87.68974
2020-01-24 13:30:15,87.54491,87.68056
2020-01-24 14:00:14,87.54437,87.6713
2020-01-24 14:30:14,87.54382,87.66195
2020-01-24 15:00:15,87.54328,87.65275
2020-01-24 15:30:14,87.54275,87.64339
2020-01-24 16:00:14,87.54223,87.63428
2020-01-24 16:30:15,87.54169,87.62476
2020-01-24 17:00:14,87.5412,87.61555
2020-01-24 17:30:14,87.54065,87.6068
2020-01-24 18:00:15,87.54018,87.59734
2020-01-24 18:30:14,87.5397,87.5871
2020-01-24 19:00:14,87.53928,87.57715
2020-01-24 19:30:15,87.5388,87.56718
2020-01-24 20:00:14,87.5384,87.55857
2020-01-24 20:30:14,87.53793,87.55206
2020-01-24 21:00:15,87.53749,87.54581
2020-01-24 21:30:14,87.53711,87.53991
2020-01-24 22:00:14,87.53674,87.53426
2020-01-24 22:30:15,87.53644,87.5285
2020-01-24 23:00:14,87.53613,87.52392
2020-01-24 23:30:14,87.53581,87.52085
2020-01-25 00:00:15,87.53547,87.51756
2020-01-25 00:30:14,87.53512,87.51404
2020-01-25 01:00:14,87.5348,87.50965
2020-01-25 01:30:15,87.53447,87.5058
2020-01-25 02:00:14,87.53416,87.50172
2020-01-25 02:30:14,87.53385,87.49829
2020-01-25 03:00:15,87.53357,87.49558
2020-01-25 03:30:14,87.53328,87.49331
2020-01-25 04:00:14,87.53301,87.49269
2020-01-25 04:30:15,87.53273,87.48827
2020-01-25 05:00:14,87.53246,87.48361
2020-01-25 05:30:14,87.53221,87.47919
2020-01-25 06:00:15,87.53203,87.47739
2020-01-25 06:30:14,87.5318,87.47762
2020-01-25 07:00:14,87.53157,87.47605
2020-01-25 07:30:15,87.5313,87.47491
2020-01-25 08:00:14,87.53107,87.47344
2020-01-25 08:30:14,87.53085,87.47175
2020-01-25 09:00:14,87.53069,87.46708
2020-01-25 09:30:15,87.53056,87.46421
2020-01-25 10:00:14,87.53044,87.46378
2020-01-25 10:30:14,87.53028,87.46437
2020-01-25 11:00:15,87.53001,87.46724
2020-01-25 11:30:14,87.52979,87.46931
2020-01-25 12:00:14,87.52957,87.47264
2020-01-25 12:30:15,87.52934,87.47964
2020-01-25 13:00:14,87.52914,87.48745
2020-01-25 13:30:14,87.52892,87.49554
2020-01-25 14:00:15,87.52869,87.50529
2020-01-25 14:30:14,87.52855,87.51372
2020-01-25 15:00:14,87.52845,87.52269
2020-01-25 15:30:15,87.52837,87.53191
2020-01-25 16:00:14,87.52834,87.54091
2020-01-25 16:30:14,87.52837,87.5514
2020-01-25 17:00:15,87.52844,87.56263
2020-01-25 17:30:14,87.52855,87.5743
2020-01-25 18:00:14,87.52871,87.58643
2020-01-25 18:30:15,87.52898,87.59924
2020-01-25 19:00:14,87.52937,87.61225
2020-01-25 19:30:14,87.52977,87.62593
2020-01-25 20:00:15,87.53014,87.63848
2020-01-25 20:30:14,87.5305,87.64874
2020-01-25 21:00:14,87.53082,87.6574
2020-01-25 21:30:15,87.53114,87.66597
2020-01-25 22:00:14,87.53139,87.67413
2020-01-25 22:30:14,87.53162,87.68348
2020-01-25 23:00:15,87.53188,87.69411
2020-01-25 23:30:14,87.53216,87.71146
2020-01-26 00:00:14,87.53242,87.72906
2020-01-26 00:30:15,87.53275,87.74796
2020-01-26 01:00:14,87.53319,87.76528
2020-01-26 01:30:14,87.53357,87.78626
2020-01-26 02:00:15,87.53399,87.81004
2020-01-26 02:30:14,87.53436,87.83533
2020-01-26 03:00:14,87.5348,87.86172
2020-01-26 03:30:15,87.53531,87.8902
2020-01-26 04:00:14,87.53592,87.9175
2020-01-26 04:30:14,87.53658,87.94485
2020-01-26 05:00:15,87.53722,87.97228
2020-01-26 05:30:14,87.5379,88.00045
2020-01-26 06:00:14,87.53854,88.02911
2020-01-26 06:30:15,87.53943,88.0565
2020-01-26 07:00:14,87.54038,88.08313
2020-01-26 07:30:14,87.5414,88.11112
2020-01-26 08:00:15,87.54228,88.15488
2020-01-26 08:30:14,87.54314,88.20338
2020-01-26 09:00:14,87.54398,88.25355
2020-01-26 09:30:15,87.54476,88.30717
2020-01-26 10:00:14,87.54557,88.35809
2020-01-26 10:30:14,87.54637,88.40936
2020-01-26 11:00:15,87.54713,88.46194
2020-01-26 11:30:14,87.54801,88.51244
2020-01-26 12:00:14,87.54869,88.56606
2020-01-26 12:30:15,87.5494,88.61853
2020-01-26 13:00:14,87.55001,88.67493
2020-01-26 13:30:14,87.55069,88.73065
2020-01-26 14:00:15,87.55147,88.78832
2020-01-26 14:30:14,87.5522,88.84811
2020-01-26 15:00:14,87.55297,88.91012
2020-01-26 15:30:15,87.55384,88.97382
2020-01-26 16:00:14,87.5547,89.03695
2020-01-26 16:30:14,87.55563,89.10093
2020-01-26 17:00:15,87.55655,89.16814
2020-01-26 17:30:14,87.5575,89.23405
2020-01-26 18:00:14,87.55839,89.3006
2020-01-26 18:30:15,87.55924,89.36532
2020-01-26 19:00:14,87.56005,89.42963
2020-01-26 19:30:14,87.56094,89.49287
2020-01-26 20:00:15,87.56185,89.55489
2020-01-26 20:30:14,87.5629,89.61423
2020-01-26 21:00:14,87.56399,89.67078
2020-01-26 21:30:14,87.56503,89.72652
2020-01-26 22:00:15,87.56606,89.77973
2020-01-26 22:30:14,87.56712,89.82832
2020-01-26 23:00:14,87.56831,89.87582
2020-01-26 23:30:15,87.5695,89.92305
2020-01-27 00:00:14,87.57064,89.96813
2020-01-27 00:30:14,87.5718,90.0107
2020-01-27 01:00:15,87.57284,90.0522
2020-01-27 01:30:14,87.5738,90.09322
2020-01-27 02:00:14,87.57471,90.13232
2020-01-27 02:30:15,87.57544,90.17169
2020-01-27 03:00:14,87.5762,90.20956
2020-01-27 03:30:14,87.57712,90.25111
2020-01-27 04:00:14,87.57797,90.29115
2020-01-27 04:30:15,87.5789,90.33281
2020-01-27 05:00:14,87.5797,90.37424
2020-01-27 05:30:14,87.58048,90.41443
2020-01-27 06:00:15,87.58121,90.45358
2020-01-27 06:30:14,87.5818,90.49116
2020-01-27 07:00:14,87.5824,90.52552
2020-01-27 07:30:15,87.58281,90.54897
2020-01-27 08:00:14,87.58264,90.55824
2020-01-27 08:30:14,87.58234,90.56628
2020-01-27 09:00:15,87.58205,90.57176
2020-01-27 09:30:14,87.58184,90.57753
2020-01-27 10:00:14,87.58177,90.57844
2020-01-27 10:30:14,87.5817,90.58202
2020-01-27 11:00:15,87.58159,90.58611
2020-01-27 11:30:14,87.58147,90.59161
2020-01-27 12:00:14,87.58138,90.59852
2020-01-27 12:30:15,87.58133,90.60574
2020-01-27 13:00:14,87.58127,90.6132
2020-01-27 13:30:14,87.58124,90.62056
2020-01-27 14:00:15,87.58118,90.62846
2020-01-27 14:30:14,87.58115,90.63616
2020-01-27 15:00:14,87.58111,90.64439
2020-01-27 15:30:15,87.58106,90.65295
2020-01-27 16:00:14,87.58105,90.66251
2020-01-27 16:30:14,87.58104,90.67316
2020-01-27 17:00:15,87.58104,90.68435
2020-01-27 17:30:14,87.58105,90.69566
2020-01-27 18:00:14,87.58105,90.7067
2020-01-27 18:30:15,87.58109,90.71669
2020-01-27 19:00:14,87.58112,90.72472
2020-01-27 19:30:14,87.5812,90.73129
2020-01-27 20:00:15,87.58128,90.73597
2020-01-27 20:30:14,87.58141,90.73856
2020-01-27 21:00:14,87.58159,90.73932
2020-01-27 21:30:15,87.58177,90.73791
2020-01-27 22:00:14,87.58193,90.73416
2020-01-27 22:30:14,87.58215,90.72816
2020-01-27 23:00:15,87.58237,90.7207
2020-01-27 23:30:14,87.58261,90.71217
2020-01-28 00:00:14,87.58288,90.70283
2020-01-28 00:30:15,87.58313,90.69293
2020-01-28 01:00:14,87.58341,90.68311
2020-01-28 01:30:14,87.58366,90.67403
2020-01-28 02:00:15,87.58389,90.66636
2020-01-28 02:30:14,87.58407,90.6601
2020-01-28 03:00:15,87.58424,90.65514
2020-01-28 03:30:14,87.58439,90.65161
2020-01-28 04:00:14,87.58457,90.64913
2020-01-28 04:30:15,87.58472,90.64645
2020-01-28 05:00:14,87.58487,90.64391
2020-01-28 05:30:14,87.585,90.64069
2020-01-28 06:00:15,87.58512,90.63654
2020-01-28 06:30:14,87.58528,90.63187
2020-01-28 07:00:14,87.58543,90.62569
2020-01-28 07:30:15,87.58562,90.6186
2020-01-28 08:00:14,87.58584,90.60986
2020-01-28 08:30:14,87.58611,90.60035
2020-01-28 09:00:15,87.58639,90.59068
2020-01-28 09:30:14,87.58671,90.5787
2020-01-28 10:00:15,87.58701,90.56573
2020-01-28 10:30:14,87.58741,90.5545
2020-01-28 11:00:14,87.58784,90.54012
2020-01-28 11:30:15,87.58821,90.52473
2020-01-28 12:00:14,87.58872,90.51189
2020-01-28 12:30:14,87.58929,90.4982
2020-01-28 13:00:15,87.58981,90.48553
2020-01-28 13:30:14,87.59044,90.47321
2020-01-28 14:00:14,87.59121,90.46221
2020-01-28 14:30:15,87.59183,90.45324
2020-01-28 15:00:14,87.59226,90.44452
2020-01-28 15:30:14,87.59277,90.43662
2020-01-28 16:00:15,87.59324,90.42802
2020-01-28 16:30:14,87.59368,90.41805
2020-01-28 17:00:14,87.59408,90.40709
2020-01-28 17:30:15,87.59447,90.39526
2020-01-28 18:00:14,87.59486,90.38224
2020-01-28 18:30:14,87.59527,90.36664
2020-01-28 19:00:15,87.59566,90.34912
2020-01-28 19:30:14,87.59618,90.32874
2020-01-28 20:00:14,87.59682,90.30744
2020-01-28 20:30:15,87.59734,90.2834
2020-01-28 21:00:14,87.59795,90.25858
2020-01-28 21:30:14,87.5986,90.2332
2020-01-28 22:00:15,87.59924,90.20725
2020-01-28 22:30:14,87.59985,90.1824
2020-01-28 23:00:14,87.60046,90.15776
2020-01-28 23:30:15,87.60098,90.13292
2020-01-29 00:00:14,87.60137,90.11129
2020-01-29 00:30:14,87.6016,90.09021
2020-01-29 01:00:15,87.60189,90.07125
2020-01-29 01:30:14,87.60216,90.05222
2020-01-29 02:00:14,87.6023,90.03371
2020-01-29 02:30:15,87.60246,90.01716
2020-01-29 03:00:14,87.60257,89.99984
2020-01-29 03:30:14,87.60265,89.98545
2020-01-29 04:00:15,87.60273,89.97123
2020-01-29 04:30:14,87.60278,89.95654
2020-01-29 05:00:14,87.6028,89.9427
2020-01-29 05:30:15,87.60278,89.92884
2020-01-29 06:00:14,87.60273,89.91557
2020-01-29 06:30:14,87.60267,89.90429
2020-01-29 07:00:15,87.6026,89.89487
2020-01-29 07:30:14,87.60257,89.88657
2020-01-29 08:00:14,87.60262,89.87878
2020-01-29 08:30:15,87.60271,89.87147
2020-01-29 09:00:14,87.6028,89.86517
2020-01-29 09:30:14,87.60287,89.85961
2020-01-29 10:00:14,87.603,89.85392
2020-01-29 10:30:15,87.60312,89.84948
2020-01-29 11:00:14,87.60333,89.84624
2020-01-29 11:30:14,87.60361,89.84416
2020-01-29 12:00:15,87.60388,89.8428
2020-01-29 12:30:14,87.60413,89.8457
2020-01-29 13:00:14,87.6044,89.85046
2020-01-29 13:30:15,87.60464,89.85799
2020-01-29 14:00:14,87.6048,89.86776
2020-01-29 14:30:14,87.60501,89.88258
2020-01-29 15:00:15,87.6051,89.90038
2020-01-29 15:30:14,87.60519,89.9228
2020-01-29 16:00:14,87.60528,89.94625
2020-01-29 16:30:15,87.60528,89.97022
2020-01-29 17:00:14,87.60544,89.99727
2020-01-29 17:30:14,87.60553,90.02532
2020-01-29 18:00:15,87.6058,90.05327
2020-01-29 18:30:14,87.60606,90.08008
2020-01-29 19:00:14,87.60624,90.10552
2020-01-29 19:30:14,87.60679,90.13976
2020-01-29 20:00:15,87.60743,90.17701
2020-01-29 20:30:14,87.60806,90.21385
2020-01-29 21:00:14,87.60865,90.25084
2020-01-29 21:30:15,87.60921,90.28741
2020-01-29 22:00:14,87.60972,90.32357
2020-01-29 22:30:14,87.61018,90.3586
2020-01-29 23:00:15,87.61064,90.3936
2020-01-29 23:30:14,87.61105,90.42956
2020-01-30 00:00:14,87.61139,90.46565
2020-01-30 00:30:15,87.61172,90.50177
2020-01-30 01:00:14,87.61204,90.53774
2020-01-30 01:30:14,87.61232,90.57383
2020-01-30 02:00:14,87.61259,90.61077
2020-01-30 02:30:15,87.61279,90.64813
2020-01-30 03:00:14,87.61293,90.68717
2020-01-30 03:30:14,87.61308,90.72736
2020-01-30 04:00:15,87.61308,90.76743
2020-01-30 04:30:14,87.613,90.80595
2020-01-30 05:00:14,87.61275,90.84097
2020-01-30 05:30:15,87.61232,90.87521
2020-01-30 06:00:14,87.61168,90.9086
2020-01-30 06:30:14,87.61079,90.94408
2020-01-30 07:00:14,87.60959,90.97926
2020-01-30 07:30:15,87.60801,91.01372
2020-01-30 08:00:14,87.60606,91.05052
2020-01-30 08:30:14,87.60384,91.08864
2020-01-30 09:00:15,87.60137,91.12512
2020-01-30 09:30:14,87.59869,91.15865
2020-01-30 10:00:14,87.59592,91.18645
2020-01-30 10:30:15,87.59312,91.20947
2020-01-30 11:00:14,87.59068,91.22598
2020-01-30 11:30:14,87.58841,91.23548
2020-01-30 12:00:15,87.58639,91.24084
2020-01-30 12:30:14,87.58444,91.24471
2020-01-30 13:00:14,87.5825,91.24848
2020-01-30 13:30:15,87.58054,91.2498
2020-01-30 14:00:14,87.57867,91.2497
2020-01-30 14:30:14,87.57684,91.24873
2020-01-30 15:00:15,87.575,91.24796
2020-01-30 15:30:14,87.57317,91.2474
2020-01-30 16:00:14,87.57141,91.24625
2020-01-30 16:30:15,87.56996,91.24468
2020-01-30 17:00:14,87.5687,91.24283
2020-01-30 17:30:14,87.56754,91.2414
2020-01-30 18:00:15,87.56657,91.24019
2020-01-30 18:30:14,87.56579,91.23832
2020-01-30 19:00:14,87.56511,91.23518
2020-01-30 19:30:15,87.56451,91.23203
2020-01-30 20:00:14,87.56401,91.22848
2020-01-30 20:30:14,87.56371,91.22344
2020-01-30 21:00:15,87.56349,91.21813
2020-01-30 21:30:14,87.56336,91.21233
2020-01-30 22:00:14,87.56328,91.20663
2020-01-30 22:30:15,87.56333,91.2014
2020-01-30 23:00:14,87.56349,91.19661
2020-01-30 23:30:14,87.56374,91.19257
2020-01-31 00:00:15,87.56408,91.18974
2020-01-31 00:30:14,87.56451,91.18804
2020-01-31 01:00:14,87.56503,91.18785
2020-01-31 01:30:15,87.5657,91.1874
2020-01-31 02:00:14,87.56638,91.18761
2020-01-31 02:30:14,87.56688,91.18847
2020-01-31 03:00:15,87.56741,91.18901
2020-01-31 03:30:14,87.56823,91.18483
2020-01-31 04:00:14,87.56929,91.17822
2020-01-31 04:30:15,87.57059,91.17028
2020-01-31 05:00:14,87.57214,91.16181
2020-01-31 05:30:14,87.57365,91.15293
2020-01-31 06:00:15,87.57524,91.14248
2020-01-31 06:30:14,87.57712,91.13046
2020-01-31 07:00:14,87.57904,91.11642
2020-01-31 07:30:15,87.58099,91.09925
2020-01-31 08:00:14,87.58313,91.08
2020-01-31 08:30:14,87.5854,91.05891
2020-01-31 09:00:15,87.58778,91.03633
2020-01-31 09:30:14,87.59021,91.01236
2020-01-31 10:00:14,87.59265,90.98679
2020-01-31 10:30:15,87.59528,90.96089
2020-01-31 11:00:14,87.59798,90.93468
2020-01-31 11:30:14,87.60078,90.90691
2020-01-31 12:00:15,87.60355,90.87809
2020-01-31 12:30:14,87.60636,90.85212
2020-01-31 13:00:14,87.60902,90.82854
2020-01-31 13:30:15,87.61166,90.81172
2020-01-31 14:00:14,87.61414,90.79868
2020-01-31 14:30:14,87.61646,90.78936
2020-01-31 15:00:15,87.6186,90.78336
2020-01-31 15:30:14,87.62057,90.78041
2020-01-31 16:00:14,87.62249,90.7757
2020-01-31 16:30:15,87.62431,90.77196
2020-01-31 17:00:14,87.62608,90.76853
2020-01-31 17:30:14,87.62775,90.76525
2020-01-31 18:00:15,87.6293,90.76637
2020-01-31 18:30:14,87.63069,90.77096
2020-01-31 19:00:14,87.63196,90.77634
2020-01-31 19:30:14,87.63309,90.78068
2020-01-31 20:00:15,87.63412,90.78385
2020-01-31 20:30:14,87.63504,90.78478
2020-01-31 21:00:14,87.63586,90.78439
2020-01-31 21:30:15,87.63656,90.78257
2020-01-31 22:00:14,87.63727,90.77971
2020-01-31 22:30:14,87.63791,90.77406
2020-01-31 23:00:15,87.63847,90.76562
2020-01-31 23:30:14,87.63872,90.75367
2020-02-01 00:00:15,87.63841,90.73561
2020-02-01 00:30:14,87.63754,90.71319
2020-02-01 01:00:15,87.63618,90.68234
2020-02-01 01:30:15,87.63406,90.64401
2020-02-01 02:00:14,87.63096,90.60126
2020-02-01 02:30:15,87.627,90.55951
2020-02-01 03:00:15,87.62238,90.51611
2020-02-01 03:30:14,87.61705,90.47108
2020-02-01 04:00:15,87.61102,90.42587
2020-02-01 04:30:15,87.60448,90.38161
2020-02-01 05:00:14,87.59756,90.3368
2020-02-01 05:30:15,87.59042,90.29059
2020-02-01 06:00:15,87.5832,90.24289
2020-02-01 06:30:14,87.57616,90.19376
2020-02-01 07:00:15,87.56941,90.14508
2020-02-01 07:30:15,87.56312,90.10066
2020-02-01 08:00:14,87.5573,90.05824
2020-02-01 08:30:15,87.55199,90.01696
2020-02-01 09:00:15,87.54737,89.98459
2020-02-01 09:30:14,87.54336,89.96082
2020-02-01 10:00:15,87.53975,89.94793
2020-02-01 10:30:15,87.53668,89.94144
2020-02-01 11:00:14,87.53413,89.94143
2020-02-01 11:30:15,87.53194,89.94889
2020-02-01 12:00:15,87.52988,89.96069
2020-02-01 12:30:14,87.52773,89.97482
2020-02-01 13:00:15,87.52549,89.99128
2020-02-01 13:30:15,87.52329,90.01421
2020-02-01 14:00:14,87.52103,90.04212
2020-02-01 14:30:15,87.51864,90.07332
2020-02-01 15:00:15,87.51609,90.10538
2020-02-01 15:30:14,87.5135,90.13664
2020-02-01 16:00:15,87.51072,90.1648
2020-02-01 16:30:15,87.50788,90.1888
2020-02-01 17:00:14,87.50507,90.2095
2020-02-01 17:30:15,87.50233,90.22736
2020-02-01 18:00:15,87.49977,90.24025
2020-02-01 18:30:14,87.49752,90.24533
2020-02-01 19:00:15,87.49558,90.24396
2020-02-01 19:30:15,87.49396,90.23798
2020-02-01 20:00:15,87.4928,90.22964
2020-02-01 20:30:14,87.49216,90.22184
2020-02-01 21:00:15,87.49165,90.2095
2020-02-01 21:30:15,87.49151,90.19632
2020-02-01 22:00:14,87.49184,90.18549
2020-02-01 22:30:15,87.49247,90.17613
2020-02-01 23:00:15,87.49301,90.16623
2020-02-01 23:30:14,87.4938,90.1571
2020-02-02 00:00:15,87.49464,90.14706
2020-02-02 00:30:15,87.4952,90.13611
2020-02-02 01:00:14,87.49596,90.12566
2020-02-02 01:30:15,87.49674,90.11556
2020-02-02 02:00:14,87.49754,90.1048
2020-02-02 02:30:14,87.49844,90.09338
2020-02-02 03:00:15,87.49925,90.08038
2020-02-02 03:30:14,87.49988,90.06422
2020-02-02 04:00:14,87.50043,90.04341
2020-02-02 04:30:15,87.50082,90.01655
2020-02-02 05:00:14,87.50111,89.98244
2020-02-02 05:30:14,87.50137,89.94159
2020-02-02 06:00:15,87.5016,89.89328
2020-02-02 06:30:14,87.50184,89.83849
2020-02-02 07:00:14,87.50212,89.77945
2020-02-02 07:30:15,87.50244,89.7154
2020-02-02 08:00:14,87.50285,89.64712
2020-02-02 08:30:14,87.50332,89.5742
2020-02-02 09:00:15,87.50385,89.49786
2020-02-02 09:30:14,87.50456,89.42104
2020-02-02 10:00:14,87.50516,89.34987
2020-02-02 10:30:15,87.50584,89.28383
2020-02-02 11:00:14,87.50644,89.2236
2020-02-02 11:30:14,87.50696,89.16465
2020-02-02 12:00:15,87.50758,89.10902
2020-02-02 12:30:14,87.50817,89.05671
2020-02-02 13:00:14,87.50871,89.00669
2020-02-02 13:30:15,87.50913,88.95892
2020-02-02 14:00:14,87.50957,88.91225
2020-02-02 14:30:15,87.51016,88.8681
2020-02-02 15:00:15,87.51074,88.82626
2020-02-02 15:30:14,87.51125,88.78677
2020-02-02 16:00:15,87.5116,88.74896
2020-02-02 16:30:15,87.51188,88.71171
2020-02-02 17:00:14,87.51208,88.67249
2020-02-02 17:30:15,87.51222,88.6322
2020-02-02 18:00:15,87.51247,88.58903
2020-02-02 18:30:14,87.51281,88.54411
2020-02-02 19:00:15,87.51328,88.4958
2020-02-02 19:30:15,87.51404,88.4422
2020-02-02 20:00:14,87.51505,88.3821
2020-02-02 20:30:15,87.5163,88.32071
2020-02-02 21:00:15,87.51792,88.25489
2020-02-02 21:30:14,87.52,88.18855
2020-02-02 22:00:15,87.52225,88.12093
2020-02-02 22:30:15,87.52461,88.05434
2020-02-02 23:00:15,87.52715,87.98882
2020-02-02 23:30:14,87.52977,87.92565
2020-02-03 00:00:15,87.53236,87.86398
2020-02-03 00:30:15,87.53496,87.80452
2020-02-03 01:00:14,87.53752,87.7456
2020-02-03 01:30:15,87.54005,87.68932
2020-02-03 02:00:15,87.54248,87.637
2020-02-03 02:30:14,87.54491,87.5873
2020-02-03 03:00:15,87.54726,87.54053
2020-02-03 03:30:15,87.54956,87.49696
2020-02-03 04:00:14,87.55177,87.45747
2020-02-03 04:30:15,87.55389,87.42107
2020-02-03 05:00:15,87.55596,87.38718
2020-02-03 05:30:14,87.55796,87.35745
2020-02-03 06:00:15,87.5598,87.33318
2020-02-03 06:30:15,87.56151,87.31681
2020-02-03 07:00:14,87.56308,87.30817
2020-02-03 07:30:15,87.56452,87.3068
2020-02-03 08:00:15,87.566,87.31233
2020-02-03 08:30:14,87.56765,87.32458
2020-02-03 09:00:15,87.56927,87.34372
2020-02-03 09:30:15,87.57121,87.36992
2020-02-03 10:00:14,87.5732,87.4018
2020-02-03 10:30:15,87.57517,87.43851
2020-02-03 11:00:14,87.57726,87.47929
2020-02-03 11:30:15,87.57949,87.52195
2020-02-03 12:00:15,87.58156,87.56447
2020-02-03 12:30:14,87.58345,87.60674
2020-02-03 13:00:15,87.58549,87.65145
2020-02-03 13:30:15,87.58785,87.70013
2020-02-03 14:00:14,87.58992,87.74501
2020-02-03 14:30:15,87.59195,87.79168
2020-02-03 15:00:15,87.59406,87.84103
2020-02-03 15:30:14,87.59618,87.89176
2020-02-03 16:00:15,87.59824,87.94144
2020-02-03 16:30:15,87.60021,87.99065
2020-02-03 17:00:14,87.602,88.03863
2020-02-03 17:30:14,87.60378,88.08593
2020-02-03 18:00:15,87.60563,88.13301
2020-02-03 18:30:14,87.60744,88.17897
2020-02-03 19:00:14,87.60921,88.22313
2020-02-03 19:30:15,87.61098,88.26461
2020-02-03 20:00:14,87.61289,88.3065
2020-02-03 20:30:14,87.6146,88.3467
2020-02-03 21:00:15,87.6164,88.38436
2020-02-03 21:30:14,87.61828,88.42078
2020-02-03 22:00:14,87.62019,88.45715
2020-02-03 22:30:15,87.62218,88.49416
2020-02-03 23:00:14,87.62418,88.53127
2020-02-03 23:30:14,87.62608,88.56971
2020-02-04 00:00:15,87.62805,88.61344
2020-02-04 00:30:14,87.63008,88.66158
2020-02-04 01:00:14,87.63226,88.71458
2020-02-04 01:30:15,87.63444,88.76814
2020-02-04 02:00:15,87.63631,88.81576
2020-02-04 02:30:14,87.63802,88.86319
2020-02-04 03:00:15,87.63976,88.91083
2020-02-04 03:30:15,87.6414,88.95813
2020-02-04 04:00:14,87.64294,89.00256
2020-02-04 04:30:15,87.64449,89.04556
2020-02-04 05:00:15,87.64606,89.08672
2020-02-04 05:30:14,87.64758,89.12625
2020-02-04 06:00:15,87.64912,89.16505
2020-02-04 06:30:15,87.65051,89.2019
2020-02-04 07:00:14,87.65177,89.23586
2020-02-04 07:30:15,87.653,89.26776
2020-02-04 08:00:15,87.65411,89.29653
2020-02-04 08:30:14,87.65514,89.32188
2020-02-04 09:00:15,87.65612,89.34343
2020-02-04 09:30:15,87.6571,89.36159
2020-02-04 10:00:14,87.65812,89.37587
2020-02-04 10:30:15,87.65916,89.38675
2020-02-04 11:00:15,87.66026,89.39458
2020-02-04 11:30:14,87.66145,89.39986
2020-02-04 12:00:15,87.6627,89.40324
2020-02-04 12:30:15,87.66404,89.40488
2020-02-04 13:00:14,87.66547,89.40589
2020-02-04 13:30:15,87.66691,89.4062
2020-02-04 14:00:15,87.66841,89.40596
2020-02-04 14:30:14,87.66992,89.40568
2020-02-04 15:00:15,87.67144,89.40607
2020-02-04 15:30:15,87.67292,89.40632
2020-02-04 16:00:14,87.67439,89.40665
2020-02-04 16:30:15,87.67579,89.40694
2020-02-04 17:00:15,87.67713,89.40698
2020-02-04 17:30:14,87.67841,89.40716
2020-02-04 18:00:15,87.67966,89.40694
2020-02-04 18:30:15,87.68084,89.40562
2020-02-04 19:00:14,87.68198,89.40347
2020-02-04 19:30:15,87.68311,89.40002
2020-02-04 20:00:15,87.68417,89.39455
2020-02-04 20:30:14,87.68525,89.38811
2020-02-04 21:00:15,87.68631,89.38004
2020-02-04 21:30:15,87.68737,89.3704
2020-02-04 22:00:14,87.68848,89.35891
2020-02-04 22:30:15,87.68967,89.34556
2020-02-04 23:00:15,87.69092,89.33006
2020-02-04 23:30:14,87.69225,89.31319
2020-02-05 00:00:15,87.69368,89.29501
2020-02-05 00:30:15,87.6952,89.2756
2020-02-05 01:00:14,87.69676,89.25485
2020-02-05 01:30:15,87.69837,89.23361
2020-02-05 02:00:15,87.70003,89.21423
2020-02-05 02:30:14,87.70174,89.19563
2020-02-05 03:00:15,87.70345,89.17892
2020-02-05 03:30:15,87.70516,89.16229
2020-02-05 04:00:14,87.70695,89.14637
2020-02-05 04:30:15,87.70861,89.12889
2020-02-05 05:00:15,87.71032,89.1116
2020-02-05 05:30:14,87.71182,89.09201
2020-02-05 06:00:15,87.71335,89.07055
2020-02-05 06:30:15,87.71483,89.04721
2020-02-05 07:00:14,87.71626,89.0247
2020-02-05 07:30:15,87.71765,89.00243
2020-02-05 08:00:15,87.71902,88.97929
2020-02-05 08:30:14,87.72034,88.9529
2020-02-05 09:00:15,87.72163,88.92424
2020-02-05 09:30:15,87.72296,88.8946
2020-02-05 10:00:14,87.72432,88.86396
2020-02-05 10:30:15,87.72551,88.8317
2020-02-05 11:00:15,87.72662,88.79788
2020-02-05 11:30:14,87.72771,88.7637
2020-02-05 12:00:15,87.72896,88.72723
2020-02-05 12:30:15,87.73038,88.68987
2020-02-05 13:00:14,87.73164,88.65388
2020-02-05 13:30:15,87.73299,88.61747
2020-02-05 14:00:15,87.73452,88.58022
2020-02-05 14:30:14,87.73611,88.54327
2020-02-05 15:00:15,87.73763,88.50617
2020-02-05 15:30:15,87.73916,88.46906
2020-02-05 16:00:14,87.74069,88.43343
2020-02-05 16:30:15,87.74216,88.40089
2020-02-05 17:00:15,87.74371,88.36874
2020-02-05 17:30:14,87.74522,88.33823
2020-02-05 18:00:15,87.74659,88.31084
2020-02-05 18:30:15,87.74786,88.28671
2020-02-05 19:00:14,87.74912,88.26356
2020-02-05 19:30:15,87.75032,88.2416
2020-02-05 20:00:15,87.75141,88.22188
2020-02-05 20:30:14,87.75243,88.20433
2020-02-05 21:00:15,87.75337,88.18865
2020-02-05 21:30:15,87.7543,88.17369
2020-02-05 22:00:14,87.75519,88.15958
2020-02-05 22:30:15,87.75599,88.14446
2020-02-05 23:00:15,87.75685,88.12856
2020-02-05 23:30:14,87.75774,88.11359
2020-02-06 00:00:15,87.75871,88.09623
2020-02-06 00:30:15,87.75967,88.07753
2020-02-06 01:00:14,87.76068,88.05946
2020-02-06 01:30:15,87.76181,88.03879
2020-02-06 02:00:15,87.76293,88.01901
2020-02-06 02:30:14,87.76414,87.99661
2020-02-06 03:00:15,87.76527,87.97753
2020-02-06 03:30:15,87.7664,87.95818
2020-02-06 04:00:14,87.76746,87.93736
2020-02-06 04:30:15,87.76875,87.91903
2020-02-06 05:00:15,87.76985,87.89904
2020-02-06 05:30:14,87.77088,87.87773
2020-02-06 06:00:15,87.77188,87.86011
2020-02-06 06:30:15,87.7729,87.84776
2020-02-06 07:00:14,87.77392,87.83856
2020-02-06 07:30:15,87.77486,87.82944
2020-02-06 08:00:15,87.77611,87.81912
2020-02-06 08:30:14,87.77716,87.80777
2020-02-06 09:00:15,87.77802,87.79588
2020-02-06 09:30:15,87.77925,87.78112
2020-02-06 10:00:14,87.78046,87.76868
2020-02-06 10:30:15,87.78155,87.75455
2020-02-06 11:00:15,87.78252,87.73988
2020-02-06 11:30:14,87.7834,87.72455
2020-02-06 12:00:15,87.78426,87.70824
2020-02-06 12:30:15,87.78519,87.69386
2020-02-06 13:00:14,87.78606,87.67995
2020-02-06 13:30:15,87.78683,87.66563
2020-02-06 14:00:15,87.78756,87.65208
2020-02-06 14:30:14,87.78819,87.63961
2020-02-06 15:00:15,87.78879,87.62617
2020-02-06 15:30:15,87.78943,87.61298
2020-02-06 16:00:14,87.79015,87.60141
2020-02-06 16:30:15,87.79086,87.58908
2020-02-06 17:00:15,87.79168,87.57832
2020-02-06 17:30:14,87.79234,87.56673
2020-02-06 18:00:15,87.79282,87.55632
2020-02-06 18:30:15,87.79327,87.54694
2020-02-06 19:00:14,87.79366,87.53776
2020-02-06 19:30:15,87.79405,87.5295
2020-02-06 20:00:15,87.79444,87.52167
2020-02-06 20:30:14,87.79482,87.51393
2020-02-06 21:00:15,87.79521,87.50615
2020-02-06 21:30:15,87.79556,87.49934
2020-02-06 22:00:14,87.79589,87.49256
2020-02-06 22:30:15,87.79625,87.48576
2020-02-06 23:00:15,87.79662,87.47919
2020-02-06 23:30:14,87.797,87.47302
2020-02-07 00:00:15,87.79742,87.46763
2020-02-07 00:30:15,87.79785,87.46335
2020-02-07 01:00:14,87.79832,87.46009
2020-02-07 01:30:15,87.79884,87.45875
2020-02-07 02:00:15,87.79939,87.45673
2020-02-07 02:30:14,87.79995,87.45367
2020-02-07 03:00:15,87.80049,87.45244
2020-02-07 03:30:15,87.80104,87.45377
2020-02-07 04:00:14,87.80157,87.45253
2020-02-07 04:30:15,87.80213,87.45277
2020-02-07 05:00:15,87.80267,87.45242
2020-02-07 05:30:14,87.80318,87.45297
2020-02-07 06:00:15,87.80368,87.45457
2020-02-07 06:30:15,87.80423,87.45628
2020-02-07 07:00:14,87.80475,87.45866
2020-02-07 07:30:15,87.80525,87.46087
2020-02-07 08:00:15,87.80575,87.46352
2020-02-07 08:30:14,87.80625,87.46628
2020-02-07 09:00:15,87.80671,87.46908
2020-02-07 09:30:15,87.80716,87.47266
2020-02-07 10:00:14,87.80761,87.47564
2020-02-07 10:30:15,87.80809,87.47871
2020-02-07 11:00:15,87.80849,87.48236
2020-02-07 11:30:14,87.80892,87.48509
2020-02-07 12:00:15,87.80932,87.48919
2020-02-07 12:30:15,87.80973,87.49277
2020-02-07 13:00:14,87.81017,87.4978
2020-02-07 13:30:15,87.81068,87.50148
2020-02-07 14:00:15,87.81116,87.50658
2020-02-07 14:30:14,87.81167,87.51329
2020-02-07 15:00:15,87.81221,87.51798
2020-02-07 15:30:15,87.81281,87.5221
2020-02-07 16:00:14,87.81337,87.52766
2020-02-07 16:30:15,87.814,87.53257
2020-02-07 17:00:15,87.81453,87.53976
2020-02-07 17:30:14,87.81513,87.54641
2020-02-07 18:00:15,87.81579,87.55279
2020-02-07 18:30:14,87.81644,87.55878
2020-02-07 19:00:14,87.81708,87.56525
2020-02-07 19:30:15,87.81768,87.57162
2020-02-07 20:00:14,87.81828,87.57721
2020-02-07 20:30:14,87.81888,87.58245
2020-02-07 21:00:15,87.81953,87.58644
2020-02-07 21:30:14,87.8202,87.58921
2020-02-07 22:00:15,87.82066,87.59269
2020-02-07 22:30:15,87.82127,87.59435
2020-02-07 23:00:14,87.82204,87.59286
2020-02-07 23:30:15,87.82281,87.59021
2020-02-08 00:00:15,87.82362,87.58871
2020-02-08 00:30:14,87.82441,87.58862
2020-02-08 01:00:15,87.82529,87.58709
2020-02-08 01:30:15,87.82613,87.58614
2020-02-08 02:00:15,87.82701,87.58512
2020-02-08 02:30:14,87.8279,87.58468
2020-02-08 03:00:15,87.82868,87.58525
2020-02-08 03:30:15,87.82951,87.58539
2020-02-08 04:00:14,87.83048,87.5832
2020-02-08 04:30:15,87.83148,87.58068
2020-02-08 05:00:14,87.8325,87.57745
2020-02-08 05:30:14,87.8335,87.57276
2020-02-08 06:00:15,87.83447,87.56673
2020-02-08 06:30:14,87.83549,87.55946
2020-02-08 07:00:14,87.83652,87.5509
2020-02-08 07:30:15,87.83755,87.54176
2020-02-08 08:00:14,87.83848,87.53435
2020-02-08 08:30:15,87.83928,87.52756
2020-02-08 09:00:15,87.84003,87.51912
2020-02-08 09:30:14,87.84083,87.50916
2020-02-08 10:00:15,87.84165,87.49892
2020-02-08 10:30:15,87.84256,87.48796
2020-02-08 11:00:14,87.84345,87.47697
2020-02-08 11:30:15,87.84429,87.46592
2020-02-08 12:00:15,87.84513,87.4547
2020-02-08 12:30:15,87.84602,87.44324
2020-02-08 13:00:14,87.84691,87.43277
2020-02-08 13:30:15,87.8478,87.42189
2020-02-08 14:00:15,87.84872,87.41106
2020-02-08 14:30:14,87.84973,87.3997
2020-02-08 15:00:15,87.85073,87.38805
2020-02-08 15:30:15,87.85171,87.37671
2020-02-08 16:00:14,87.85273,87.36314
2020-02-08 16:30:15,87.85371,87.35032
2020-02-08 17:00:14,87.85487,87.33309
2020-02-08 17:30:14,87.85624,87.31232
2020-02-08 18:00:15,87.85725,87.29623
2020-02-08 18:30:14,87.85812,87.28288
2020-02-08 19:00:14,87.85884,87.27167
2020-02-08 19:30:15,87.85981,87.25594
2020-02-08 20:00:14,87.86093,87.23907
2020-02-08 20:30:14,87.86195,87.22198
2020-02-08 21:00:15,87.863,87.2021
2020-02-08 21:30:14,87.86414,87.18284
2020-02-08 22:00:15,87.86489,87.16476
2020-02-08 22:30:15,87.86562,87.14604
2020-02-08 23:00:14,87.8663,87.12859
2020-02-08 23:30:15,87.86708,87.10936
2020-02-09 00:00:15,87.8678,87.08988
2020-02-09 00:30:14,87.86861,87.06786
2020-02-09 01:00:15,87.86922,87.05053
2020-02-09 01:30:15,87.86987,87.03268
2020-02-09 02:00:14,87.87063,87.01355
2020-02-09 02:30:15,87.87159,86.9908
2020-02-09 03:00:15,87.87233,86.97295
2020-02-09 03:30:14,87.873,86.95504
2020-02-09 04:00:15,87.8738,86.93444
2020-02-09 04:30:15,87.87486,86.90956
2020-02-09 05:00:15,87.87604,86.8821
2020-02-09 05:30:14,87.87727,86.85212
2020-02-09 06:00:15,87.87846,86.82255
2020-02-09 06:30:15,87.87965,86.79519
2020-02-09 07:00:14,87.88085,86.76764
2020-02-09 07:30:15,87.88201,86.74076
2020-02-09 08:00:15,87.88304,86.71784
2020-02-09 08:30:14,87.88385,86.69769
2020-02-09 09:00:15,87.8846,86.6778
2020-02-09 09:30:15,87.88554,86.65309
2020-02-09 10:00:14,87.88644,86.62743
2020-02-09 10:30:15,87.88727,86.60362
2020-02-09 11:00:15,87.88807,86.57904
2020-02-09 11:30:14,87.88908,86.55022
2020-02-09 12:00:15,87.89004,86.5238
2020-02-09 12:30:15,87.89103,86.49792
2020-02-09 13:00:14,87.89201,86.47439
2020-02-09 13:30:15,87.89307,86.44673
2020-02-09 14:00:14,87.89401,86.42278
2020-02-09 14:30:14,87.895,86.39685
2020-02-09 15:00:15,87.89601,86.37004
2020-02-09 15:30:14,87.89699,86.34279
2020-02-09 16:00:14,87.89788,86.31818
2020-02-09 16:30:15,87.89883,86.29182
2020-02-09 17:00:14,87.89983,86.26138
2020-02-09 17:30:14,87.90086,86.23017
2020-02-09 18:00:15,87.90192,86.19744
2020-02-09 18:30:14,87.90302,86.16402
2020-02-09 19:00:15,87.90414,86.1291
2020-02-09 19:30:15,87.90533,86.0938
2020-02-09 20:00:14,87.90657,86.05795
2020-02-09 20:30:15,87.90783,86.02333
2020-02-09 21:00:15,87.90894,85.99078
2020-02-09 21:30:14,87.91008,85.95996
2020-02-09 22:00:15,87.91116,85.92868
2020-02-09 22:30:15,87.91229,85.89542
2020-02-09 23:00:14,87.91328,85.86467
2020-02-09 23:30:15,87.91408,85.83749
2020-02-10 00:00:15,87.91499,85.80928
2020-02-10 00:30:15,87.91625,85.77752
2020-02-10 01:00:14,87.9172,85.75252
2020-02-10 01:30:15,87.91818,85.72826
2020-02-10 02:00:15,87.9193,85.70058
2020-02-10 02:30:14,87.9203,85.67331
2020-02-10 03:00:15,87.92125,85.6472
2020-02-10 03:30:15,87.9222,85.62074
2020-02-10 04:00:14,87.92317,85.59397
2020-02-10 04:30:15,87.92404,85.56866
2020-02-10 05:00:15,87.92495,85.54277
2020-02-10 05:30:14,87.92583,85.51762
2020-02-10 06:00:15,87.92676,85.48925
2020-02-10 06:30:14,87.92764,85.45939
2020-02-10 07:00:14,87.92854,85.42856
2020-02-10 07:30:15,87.92941,85.39677
2020-02-10 08:00:14,87.93032,85.36424
2020-02-10 08:30:14,87.93125,85.32949
2020-02-10 09:00:15,87.93225,85.29462
2020-02-10 09:30:14,87.93328,85.25854
2020-02-10 10:00:14,87.93427,85.22344
2020-02-10 10:30:15,87.93523,85.18826
2020-02-10 11:00:14,87.93619,85.15407
2020-02-10 11:30:14,87.9371,85.12097
2020-02-10 12:00:15,87.938,85.08817
2020-02-10 12:30:14,87.93887,85.05532
2020-02-10 13:00:15,87.93967,85.02244
2020-02-10 13:30:15,87.94041,84.99007
2020-02-10 14:00:14,87.94115,84.95812
2020-02-10 14:30:15,87.94183,84.92713
2020-02-10 15:00:15,87.94241,84.89584
2020-02-10 15:30:15,87.94299,84.86509
2020-02-10 16:00:14,87.94352,84.83357
2020-02-10 16:30:15,87.94408,84.80172
2020-02-10 17:00:15,87.9446,84.76937
2020-02-10 17:30:14,87.94511,84.73579
2020-02-10 18:00:15,87.94563,84.70012
2020-02-10 18:30:15,87.94616,84.66238
2020-02-10 19:00:14,87.94675,84.62248
2020-02-10 19:30:15,87.94736,84.58061
2020-02-10 20:00:15,87.94805,84.53636
2020-02-10 20:30:14,87.9488,84.49033
2020-02-10 21:00:15,87.94962,84.44308
2020-02-10 21:30:14,87.95042,84.39456
2020-02-10 22:00:14,87.95126,84.34593
2020-02-10 22:30:15,87.95219,84.29616
2020-02-10 23:00:14,87.95311,84.24663
2020-02-10 23:30:14,87.95403,84.19814
2020-02-11 00:00:15,87.95492,84.14999
2020-02-11 00:30:14,87.95577,84.10212
2020-02-11 01:00:14,87.95654,84.05607
2020-02-11 01:30:15,87.95724,84.01168
2020-02-11 02:00:14,87.95782,83.96952
2020-02-11 02:30:15,87.95848,83.92617
2020-02-11 03:00:15,87.95912,83.88432
2020-02-11 03:30:14,87.95961,83.84438
2020-02-11 04:00:15,87.96,83.8047
2020-02-11 04:30:15,87.96037,83.76307
2020-02-11 05:00:14,87.96071,83.72159
2020-02-11 05:30:15,87.961,83.67797
2020-02-11 06:00:15,87.9613,83.63385
2020-02-11 06:30:15,87.96159,83.58848
2020-02-11 07:00:14,87.96185,83.5408
2020-02-11 07:30:15,87.96214,83.49139
2020-02-11 08:00:15,87.96241,83.438
2020-02-11 08:30:14,87.96269,83.38178
2020-02-11 09:00:15,87.96297,83.32228
2020-02-11 09:30:15,87.96329,83.26045
2020-02-11 10:00:14,87.96367,83.19978
2020-02-11 10:30:15,87.96408,83.13859
2020-02-11 11:00:14,87.96448,83.07929
2020-02-11 11:30:14,87.96497,83.01932
2020-02-11 12:00:15,87.96551,82.95791
2020-02-11 12:30:14,87.96606,82.89732
2020-02-11 13:00:14,87.9666,82.83932
2020-02-11 13:30:15,87.96712,82.78383
2020-02-11 14:00:14,87.96761,82.73013
2020-02-11 14:30:15,87.96804,82.67896
2020-02-11 15:00:15,87.96844,82.62975
2020-02-11 15:30:14,87.96879,82.58196
2020-02-11 16:00:15,87.96912,82.5362
2020-02-11 16:30:15,87.96944,82.49158
2020-02-11 17:00:14,87.96975,82.44785
2020-02-11 17:30:15,87.97002,82.40428
2020-02-11 18:00:15,87.97033,82.35895
2020-02-11 18:30:15,87.9707,82.31174
2020-02-11 19:00:14,87.97115,82.26277
2020-02-11 19:30:15,87.97166,82.21087
2020-02-11 20:00:15,87.97228,82.15591
2020-02-11 20:30:14,87.97305,82.09882
2020-02-11 21:00:15,87.97392,82.03983
2020-02-11 21:30:15,87.97482,81.97865
2020-02-11 22:00:14,87.97587,81.91581
2020-02-11 22:30:15,87.97692,81.85116
2020-02-11 23:00:14,87.97804,81.7859
2020-02-11 23:30:14,87.97928,81.72059
2020-02-12 00:00:15,87.98053,81.65569
2020-02-12 00:30:14,87.98181,81.59135
2020-02-12 01:00:14,87.98312,81.52823
2020-02-12 01:30:15,87.98441,81.46674
2020-02-12 02:00:14,87.98561,81.40823
2020-02-12 02:30:15,87.98673,81.35267
2020-02-12 03:00:15,87.98776,81.30032
2020-02-12 03:30:14,87.98866,81.25179
2020-02-12 04:00:15,87.98957,81.20552
2020-02-12 04:30:15,87.99041,81.16106
2020-02-12 05:00:14,87.99129,81.11597
2020-02-12 05:30:15,87.9922,81.06934
2020-02-12 06:00:15,87.9932,81.01903
2020-02-12 06:30:15,87.99444,80.96431
2020-02-12 07:00:14,87.99581,80.90835
2020-02-12 07:30:15,87.99704,80.85226
2020-02-12 08:00:15,87.99828,80.7953
2020-02-12 08:30:14,87.99964,80.73518
2020-02-12 09:00:15,88.00111,80.67297
2020-02-12 09:30:15,88.00272,80.60835
2020-02-12 10:00:14,88.00444,80.54236
2020-02-12 10:30:15,88.00624,80.4753
2020-02-12 11:00:14,88.00813,80.40792
2020-02-12 11:30:14,88.01008,80.341
2020-02-12 12:00:15,88.01211,80.27431
2020-02-12 12:30:14,88.01416,80.20944
2020-02-12 13:00:15,88.0162,80.14674
2020-02-12 13:30:15,88.0182,80.08534
2020-02-12 14:00:14,88.02019,80.02599
2020-02-12 14:30:15,88.02206,79.96897
2020-02-12 15:00:15,88.02392,79.91248
2020-02-12 15:30:14,88.02568,79.85948
2020-02-12 16:00:15,88.02737,79.80566
2020-02-12 16:30:15,88.02888,79.75387
2020-02-12 17:00:15,88.03024,79.70271
2020-02-12 17:30:14,88.03184,79.64669
2020-02-12 18:00:15,88.03339,79.58862
2020-02-12 18:30:15,88.03483,79.52716
2020-02-12 19:00:14,88.03636,79.46023
2020-02-12 19:30:15,88.03792,79.38969
2020-02-12 20:00:14,88.03954,79.31406
2020-02-12 20:30:14,88.04095,79.23443
2020-02-12 21:00:15,88.04236,79.1506
2020-02-12 21:30:14,88.04385,79.06625
2020-02-12 22:00:14,88.0454,78.98071
2020-02-12 22:30:15,88.04699,78.89442
2020-02-12 23:00:14,88.04863,78.80853
2020-02-12 23:30:15,88.05035,78.72127
2020-02-13 00:00:15,88.05199,78.63332
2020-02-13 00:30:14,88.05364,78.54625
2020-02-13 01:00:15,88.05518,78.46108
2020-02-13 01:30:15,88.05666,78.37837
2020-02-13 02:00:14,88.05811,78.29844
2020-02-13 02:30:15,88.05941,78.22031
2020-02-13 03:00:15,88.06068,78.14307
2020-02-13 03:30:15,88.06224,78.06347
2020-02-13 04:00:14,88.06385,77.98065
2020-02-13 04:30:15,88.06532,77.89885
2020-02-13 05:00:15,88.06676,77.81683
2020-02-13 05:30:14,88.0685,77.72988
2020-02-13 06:00:15,88.07016,77.64046
2020-02-13 06:30:15,88.07168,77.54985
2020-02-13 07:00:14,88.07346,77.45074
2020-02-13 07:30:15,88.07512,77.35014
2020-02-13 08:00:14,88.07661,77.2469
2020-02-13 08:30:14,88.07796,77.143
2020-02-13 09:00:15,88.07922,77.03485
2020-02-13 09:30:14,88.08048,76.92303
2020-02-13 10:00:14,88.0817,76.8078
2020-02-13 10:30:15,88.08275,76.69264
2020-02-13 11:00:14,88.08377,76.57831
2020-02-13 11:30:15,88.08482,76.46368
2020-02-13 12:00:15,88.08577,76.3488
2020-02-13 12:30:14,88.08646,76.23671
2020-02-13 13:00:15,88.0874,76.12211
2020-02-13 13:30:15,88.08823,76.00961
2020-02-13 14:00:14,88.08872,75.90292
2020-02-13 14:30:15,88.08904,75.79696
2020-02-13 15:00:15,88.08958,75.69144
2020-02-13 15:30:15,88.09005,75.59007
2020-02-13 16:00:14,88.09053,75.49021
2020-02-13 16:30:15,88.09132,75.38274
2020-02-13 17:00:15,88.09211,75.27351
2020-02-13 17:30:14,88.09283,75.1655
2020-02-13 18:00:15,88.09343,75.0612
2020-02-13 18:30:15,88.094,74.95325
2020-02-13 19:00:14,88.09454,74.85251
2020-02-13 19:30:15,88.09531,74.74673
2020-02-13 20:00:14,88.09608,74.64191
2020-02-13 20:30:14,88.0968,74.53815
2020-02-13 21:00:15,88.09755,74.43483
2020-02-13 21:30:14,88.09829,74.33205
2020-02-13 22:00:14,88.09911,74.23211
2020-02-13 22:30:15,88.10009,74.13229
2020-02-13 23:00:14,88.1011,74.03426
2020-02-13 23:30:14,88.10213,73.93836
2020-02-14 00:00:15,88.10316,73.84448
2020-02-14 00:30:14,88.10415,73.75209
2020-02-14 01:00:15,88.10509,73.66384
2020-02-14 01:30:15,88.10603,73.57912
2020-02-14 02:00:14,88.10692,73.4949
2020-02-14 02:30:15,88.10783,73.41363
2020-02-14 03:00:15,88.1087,73.33455
2020-02-14 03:30:14,88.10956,73.25897
2020-02-14 04:00:15,88.11039,73.18668
2020-02-14 04:30:15,88.11113,73.11653
2020-02-14 05:00:14,88.11182,73.04858
2020-02-14 05:30:15,88.11252,72.98238
2020-02-14 06:00:15,88.11317,72.91833
2020-02-14 06:30:14,88.11378,72.8568
2020-02-14 07:00:15,88.11439,72.79619
2020-02-14 07:30:15,88.11505,72.7365
2020-02-14 08:00:15,88.11584,72.67783
2020-02-14 08:30:14,88.11668,72.61844
2020-02-14 09:00:15,88.11762,72.55862
2020-02-14 09:30:15,88.11867,72.49837
2020-02-14 10:00:14,88.11974,72.44124
2020-02-14 10:30:15,88.12085,72.38813
2020-02-14 11:00:15,88.12202,72.34029
2020-02-14 11:30:14,88.1232,72.29361
2020-02-14 12:00:15,88.12444,72.25057
2020-02-14 12:30:15,88.12575,72.2116
2020-02-14 13:00:14,88.12708,72.17547
2020-02-14 13:30:15,88.12846,72.14177
2020-02-14 14:00:15,88.12981,72.11259
2020-02-14 14:30:14,88.13121,72.08621
2020-02-14 15:00:15,88.13258,72.0634
2020-02-14 15:30:15,88.1339,72.04359
2020-02-14 16:00:14,88.13522,72.02496
2020-02-14 16:30:15,88.13648,72.0098
2020-02-14 17:00:14,88.13764,71.99245
2020-02-14 17:30:14,88.1388,71.97669
2020-02-14 18:00:15,88.13989,71.96368
2020-02-14 18:30:14,88.14093,71.95316
2020-02-14 19:00:14,88.14198,71.94129
2020-02-14 19:30:15,88.14308,71.92692
2020-02-14 20:00:14,88.1441,71.91331
2020-02-14 20:30:15,88.14515,71.90204
2020-02-14 21:00:15,88.14626,71.89237
2020-02-14 21:30:14,88.14744,71.8756
2020-02-14 22:00:15,88.1486,71.8559
2020-02-14 22:30:15,88.1497,71.8432
2020-02-14 23:00:14,88.15079,71.82341
2020-02-14 23:30:15,88.15186,71.80357
2020-02-15 00:00:15,88.15288,71.78905
2020-02-15 00:30:15,88.15384,71.77386
2020-02-15 01:00:14,88.15477,71.75906
2020-02-15 01:30:15,88.15565,71.74512
2020-02-15 02:00:15,88.15646,71.73236
2020-02-15 02:30:14,88.15721,71.72143
2020-02-15 03:00:15,88.15784,71.71221
2020-02-15 03:30:14,88.15836,71.70168
2020-02-15 04:00:14,88.15878,71.69077
2020-02-15 04:30:15,88.1591,71.67988
2020-02-15 05:00:14,88.15936,71.66866
2020-02-15 05:30:14,88.15958,71.65788
2020-02-15 06:00:15,88.15974,71.64806
2020-02-15 06:30:14,88.15988,71.63815
2020-02-15 07:00:15,88.15988,71.62636
2020-02-15 07:30:15,88.15976,71.61487
2020-02-15 08:00:14,88.15965,71.60447
2020-02-15 08:30:15,88.15952,71.59228
2020-02-15 09:00:15,88.15942,71.57979
2020-02-15 09:30:15,88.15932,71.5706
2020-02-15 10:00:14,88.1592,71.56285
2020-02-15 10:30:15,88.15905,71.55523
2020-02-15 11:00:15,88.15894,71.5482
2020-02-15 11:30:14,88.15883,71.54064
2020-02-15 12:00:15,88.15874,71.53524
2020-02-15 12:30:15,88.15862,71.53036
2020-02-15 13:00:14,88.15849,71.52431
2020-02-15 13:30:15,88.15836,71.51782
2020-02-15 14:00:14,88.15828,71.51125
2020-02-15 14:30:14,88.1582,71.50584
2020-02-15 15:00:15,88.1581,71.50259
2020-02-15 15:30:14,88.15804,71.5008
2020-02-15 16:00:15,88.15801,71.50111
2020-02-15 16:30:15,88.15797,71.50216
2020-02-15 17:00:14,88.15792,71.50252
2020-02-15 17:30:15,88.15792,71.50273
2020-02-15 18:00:15,88.15791,71.5023
2020-02-15 18:30:15,88.15789,71.50171
2020-02-15 19:00:14,88.15788,71.50139
2020-02-15 19:30:15,88.15788,71.50187
2020-02-15 20:00:15,88.15787,71.50079
2020-02-15 20:30:14,88.15783,71.49913
2020-02-15 21:00:15,88.15778,71.497
2020-02-15 21:30:14,88.15773,71.49483
2020-02-15 22:00:14,88.15769,71.49305
2020-02-15 22:30:15,88.15765,71.49065
2020-02-15 23:00:14,88.15755,71.48637
2020-02-15 23:30:15,88.15744,71.48225
2020-02-16 00:00:15,88.1573,71.47783
2020-02-16 00:30:14,88.15716,71.47282
2020-02-16 01:00:15,88.157,71.46661
2020-02-16 01:30:15,88.15685,71.4616
2020-02-16 02:00:15,88.15676,71.45725
2020-02-16 02:30:14,88.15662,71.45352
2020-02-16 03:00:15,88.15653,71.4506
2020-02-16 03:30:15,88.15648,71.44867
2020-02-16 04:00:14,88.15643,71.44805
2020-02-16 04:30:15,88.1564,71.44701
2020-02-16 05:00:14,88.15636,71.44662
2020-02-16 05:30:14,88.15633,71.44611
2020-02-16 06:00:15,88.15635,71.44661
2020-02-16 06:30:14,88.15635,71.44708
2020-02-16 07:00:15,88.15648,71.45352
2020-02-16 07:30:15,88.15662,71.46005
2020-02-16 08:00:14,88.15678,71.46716
2020-02-16 08:30:15,88.15688,71.47266
2020-02-16 09:00:15,88.15701,71.47744
2020-02-16 09:30:14,88.157,71.47539
2020-02-16 10:00:15,88.15694,71.47387
2020-02-16 10:30:15,88.15691,71.47255
2020-02-16 11:00:15,88.15681,71.46981
2020-02-16 11:30:14,88.15673,71.46655
2020-02-16 12:00:15,88.15667,71.46336
2020-02-16 12:30:15,88.15662,71.46053
2020-02-16 13:00:14,88.15646,71.45592
2020-02-16 13:30:15,88.15632,71.44785
2020-02-16 14:00:15,88.15614,71.43906
2020-02-16 14:30:14,88.15624,71.43999
2020-02-16 15:00:15,88.15639,71.43774
2020-02-16 15:30:15,88.15625,71.42827
2020-02-16 16:00:14,88.15594,71.41602
2020-02-16 16:30:15,88.15562,71.40253
2020-02-16 17:00:14,88.15532,71.38866
2020-02-16 17:30:14,88.155,71.37391
2020-02-16 18:00:15,88.15471,71.35567
2020-02-16 18:30:14,88.15455,71.3408
2020-02-16 19:00:14,88.15482,71.32917
2020-02-16 19:30:15,88.15498,71.31848
2020-02-16 20:00:14,88.15514,71.30311
2020-02-16 20:30:15,88.155,71.27873
2020-02-16 21:00:15,88.1548,71.25652
2020-02-16 21:30:14,88.15503,71.23379
2020-02-16 22:00:15,88.15528,71.21352
2020-02-16 22:30:15,88.15553,71.18984
2020-02-16 23:00:14,88.15609,71.17141
2020-02-16 23:30:15,88.15625,71.14911
2020-02-17 00:00:15,88.15605,71.12856
2020-02-17 00:30:14,88.15582,71.10812
2020-02-17 01:00:15,88.15555,71.08905
2020-02-17 01:30:15,88.1553,71.07055
2020-02-17 02:00:15,88.15524,71.04899
2020-02-17 02:30:14,88.15546,71.02272
2020-02-17 03:00:15,88.15582,70.99416
2020-02-17 03:30:15,88.15611,70.96606
2020-02-17 04:00:14,88.15636,70.936
2020-02-17 04:30:15,88.15659,70.90324
2020-02-17 05:00:15,88.15708,70.86977
2020-02-17 05:30:14,88.15767,70.83545
2020-02-17 06:00:15,88.15807,70.80064
2020-02-17 06:30:15,88.1582,70.76653
2020-02-17 07:00:14,88.15824,70.73274
2020-02-17 07:30:15,88.1581,70.69869
2020-02-17 08:00:14,88.15794,70.6629
2020-02-17 08:30:14,88.15764,70.6256
2020-02-17 09:00:15,88.15735,70.58794
2020-02-17 09:30:14,88.1573,70.55304
2020-02-17 10:00:14,88.15724,70.51548
2020-02-17 10:30:15,88.1573,70.47667
2020-02-17 11:00:14,88.15728,70.43491
2020-02-17 11:30:15,88.15721,70.38863
2020-02-17 12:00:15,88.1573,70.34552
2020-02-17 12:30:14,88.15742,70.30512
2020-02-17 13:00:15,88.15746,70.26545
2020-02-17 13:30:15,88.15746,70.22247
2020-02-17 14:00:14,88.15742,70.18018
2020-02-17 14:30:15,88.15744,70.13911
2020-02-17 15:00:15,88.15752,70.10071
2020-02-17 15:30:15,88.15752,70.06342
2020-02-17 16:00:14,88.15737,70.02383
2020-02-17 16:30:15,88.1573,69.98217
2020-02-17 17:00:15,88.15739,69.94221
2020-02-17 17:30:14,88.15749,69.90054
2020-02-17 18:00:15,88.15753,69.85916
2020-02-17 18:30:15,88.1576,69.82009
2020-02-17 19:00:14,88.15769,69.78423
2020-02-17 19:30:15,88.15781,69.75076
2020-02-17 20:00:14,88.15784,69.71774
2020-02-17 20:30:14,88.15767,69.67619
2020-02-17 21:00:15,88.15767,69.63744
2020-02-17 21:30:14,88.15776,69.60239
2020-02-17 22:00:14,88.15797,69.56886
2020-02-17 22:30:15,88.15826,69.53764
2020-02-17 23:00:14,88.15848,69.50744
2020-02-17 23:30:15,88.15878,69.47728
2020-02-18 00:00:15,88.15912,69.44781
2020-02-18 00:30:14,88.15945,69.41896
2020-02-18 01:00:15,88.15987,69.38941
2020-02-18 01:30:15,88.16026,69.35796
2020-02-18 02:00:14,88.16063,69.3261
2020-02-18 02:30:15,88.16106,69.29408
2020-02-18 03:00:15,88.16144,69.25897
2020-02-18 03:30:15,88.16179,69.22395
2020-02-18 04:00:14,88.16222,69.18763
2020-02-18 04:30:15,88.16258,69.14696
2020-02-18 05:00:15,88.1629,69.10168
2020-02-18 05:30:14,88.16336,69.05265
2020-02-18 06:00:15,88.16389,68.99954
2020-02-18 06:30:15,88.16452,68.94124
2020-02-18 07:00:14,88.16554,68.88129
2020-02-18 07:30:15,88.16666,68.81453
2020-02-18 08:00:14,88.16787,68.744
2020-02-18 08:30:14,88.16914,68.6718
2020-02-18 09:00:15,88.1706,68.59898
2020-02-18 09:30:14,88.17217,68.52763
2020-02-18 10:00:14,88.17376,68.45432
2020-02-18 10:30:15,88.17522,68.37912
2020-02-18 11:00:14,88.17657,68.30308
2020-02-18 11:30:14,88.17812,68.22669
2020-02-18 12:00:15,88.17977,68.14597
2020-02-18 12:30:14,88.18156,68.06657
2020-02-18 13:00:15,88.1834,67.98777
2020-02-18 13:30:15,88.18528,67.91174
2020-02-18 14:00:14,88.18724,67.8381
2020-02-18 14:30:15,88.18925,67.76637
2020-02-18 15:00:15,88.19135,67.6946
2020-02-18 15:30:14,88.19352,67.62167
2020-02-18 16:00:15,88.19577,67.54765
2020-02-18 16:30:15,88.19809,67.47213
2020-02-18 17:00:14,88.20042,67.39445
2020-02-18 17:30:15,88.20285,67.31506
2020-02-18 18:00:15,88.20538,67.23566
2020-02-18 18:30:14,88.20804,67.1548
2020-02-18 19:00:15,88.21076,67.07588
2020-02-18 19:30:15,88.2134,66.99686
2020-02-18 20:00:14,88.21593,66.91562
2020-02-18 20:30:15,88.21847,66.83443
2020-02-18 21:00:15,88.22096,66.75351
2020-02-18 21:30:14,88.22343,66.67236
2020-02-18 22:00:15,88.22582,66.59098
2020-02-18 22:30:15,88.2282,66.50861
2020-02-18 23:00:14,88.23068,66.42446
2020-02-18 23:30:15,88.23322,66.33729
2020-02-19 00:00:15,88.23566,66.24712
2020-02-19 00:30:14,88.238,66.15428
2020-02-19 01:00:15,88.24046,66.05743
2020-02-19 01:30:15,88.24294,65.95937
2020-02-19 02:00:14,88.24542,65.85838
2020-02-19 02:30:15,88.24788,65.7521
2020-02-19 03:00:15,88.25024,65.6355
2020-02-19 03:30:14,88.2528,65.51254
2020-02-19 04:00:15,88.25516,65.38767
2020-02-19 04:30:15,88.25812,65.25925
2020-02-19 05:00:14,88.26128,65.12929
2020-02-19 05:30:15,88.26447,64.99848
2020-02-19 06:00:15,88.26769,64.86394
2020-02-19 06:30:14,88.27088,64.72592
2020-02-19 07:00:15,88.27404,64.58562
2020-02-19 07:30:15,88.27718,64.4451
2020-02-19 08:00:14,88.2803,64.30531
2020-02-19 08:30:15,88.2834,64.1665
2020-02-19 09:00:15,88.28642,64.02956
2020-02-19 09:30:14,88.28938,63.89403
2020-02-19 10:00:15,88.29224,63.76023
2020-02-19 10:30:15,88.29507,63.62865
2020-02-19 11:00:14,88.29785,63.49899
2020-02-19 11:30:15,88.30053,63.37169
2020-02-19 12:00:15,88.30315,63.24632
2020-02-19 12:30:14,88.30568,63.12291
2020-02-19 13:00:15,88.30814,63.00219
2020-02-19 13:30:15,88.31037,62.88301
2020-02-19 14:00:14,88.31258,62.76335
2020-02-19 14:30:15,88.31476,62.64375
2020-02-19 15:00:15,88.31684,62.52507
2020-02-19 15:30:14,88.31886,62.40553
2020-02-19 16:00:15,88.32077,62.28507
2020-02-19 16:30:15,88.32262,62.16442
2020-02-19 17:00:14,88.32444,62.04271
2020-02-19 17:30:15,88.32623,61.9207
2020-02-19 18:00:15,88.32804,61.79895
2020-02-19 18:30:14,88.32981,61.67835
2020-02-19 19:00:15,88.33165,61.55871
2020-02-19 19:30:15,88.33355,61.44206
2020-02-19 20:00:14,88.33545,61.32633
2020-02-19 20:30:15,88.33725,61.21155
2020-02-19 21:00:15,88.3391,61.09834
2020-02-19 21:30:14,88.34097,60.98654
2020-02-19 22:00:15,88.34285,60.87651
2020-02-19 22:30:15,88.34476,60.76802
2020-02-19 23:00:14,88.34669,60.66084
2020-02-19 23:30:15,88.3486,60.55557
2020-02-20 00:00:15,88.35044,60.45225
2020-02-20 00:30:14,88.35216,60.34921
2020-02-20 01:00:15,88.35388,60.24595
2020-02-20 01:30:15,88.35553,60.14337
2020-02-20 02:00:14,88.35716,60.04156
2020-02-20 02:30:15,88.35876,59.94105
2020-02-20 03:00:15,88.36045,59.83979
2020-02-20 03:30:14,88.36211,59.74065
2020-02-20 04:00:15,88.36395,59.63687
2020-02-20 04:30:15,88.36587,59.53322
2020-02-20 05:00:14,88.36778,59.42968
2020-02-20 05:30:15,88.36974,59.32695
2020-02-20 06:00:15,88.37161,59.22663
2020-02-20 06:30:14,88.37344,59.12866
2020-02-20 07:00:15,88.37524,59.03271
2020-02-20 07:30:15,88.377,58.93972
2020-02-20 08:00:14,88.37871,58.84676
2020-02-20 08:30:15,88.3804,58.75372
2020-02-20 09:00:15,88.3821,58.66055
2020-02-20 09:30:14,88.38383,58.56755
2020-02-20 10:00:15,88.38557,58.47527
2020-02-20 10:30:15,88.38737,58.38548
2020-02-20 11:00:14,88.38924,58.29794
2020-02-20 11:30:15,88.39121,58.21235
2020-02-20 12:00:15,88.39324,58.1293
2020-02-20 12:30:14,88.39536,58.04917
2020-02-20 13:00:15,88.39756,57.97224
2020-02-20 13:30:15,88.39986,57.90137
2020-02-20 14:00:14,88.40228,57.83541
2020-02-20 14:30:15,88.40475,57.77411
2020-02-20 15:00:15,88.40725,57.7185
2020-02-20 15:30:14,88.4098,57.66707
2020-02-20 16:00:15,88.41232,57.61945
2020-02-20 16:30:15,88.41483,57.57603
2020-02-20 17:00:14,88.41732,57.53214
2020-02-20 17:30:15,88.41975,57.48891
2020-02-20 18:00:15,88.42208,57.44715
2020-02-20 18:30:14,88.42426,57.40656
2020-02-20 19:00:15,88.42628,57.36432
2020-02-20 19:30:15,88.42817,57.3185
2020-02-20 20:00:14,88.42995,57.2688
2020-02-20 20:30:15,88.43177,57.21501
2020-02-20 21:00:15,88.4335,57.15681
2020-02-20 21:30:14,88.4353,57.09524
2020-02-20 22:00:15,88.43707,57.03146
2020-02-20 22:30:15,88.43884,56.96487
2020-02-20 23:00:15,88.44057,56.89069
2020-02-20 23:30:14,88.4422,56.81568
2020-02-21 00:00:15,88.44397,56.73799
2020-02-21 00:30:15,88.44589,56.66111
2020-02-21 01:00:14,88.44785,56.58756
2020-02-21 01:30:15,88.44978,56.51715
2020-02-21 02:00:15,88.45172,56.44806
2020-02-21 02:30:14,88.45364,56.38157
2020-02-21 03:00:15,88.45563,56.31685
2020-02-21 03:30:15,88.45764,56.25383
2020-02-21 04:00:14,88.45964,56.19137
2020-02-21 04:30:15,88.46165,56.12915
2020-02-21 05:00:15,88.46364,56.06615
2020-02-21 05:30:14,88.46556,56.00257
2020-02-21 06:00:15,88.46748,55.93911
2020-02-21 06:30:15,88.46938,55.87585
2020-02-21 07:00:14,88.47124,55.81242
2020-02-21 07:30:15,88.47311,55.7475
2020-02-21 08:00:15,88.47498,55.68178
2020-02-21 08:30:14,88.47689,55.61513
2020-02-21 09:00:15,88.47883,55.54911
2020-02-21 09:30:15,88.48074,55.48453
2020-02-21 10:00:14,88.48264,55.42195
2020-02-21 10:30:15,88.4845,55.36176
2020-02-21 11:00:15,88.48636,55.30272
2020-02-21 11:30:14,88.48823,55.24613
2020-02-21 12:00:15,88.49014,55.19072
2020-02-21 12:30:15,88.49208,55.13786
2020-02-21 13:00:14,88.49401,55.08856
2020-02-21 13:30:15,88.49592,55.04098
2020-02-21 14:00:15,88.49773,54.99452
2020-02-21 14:30:14,88.49959,54.94867
2020-02-21 15:00:15,88.50145,54.90184
2020-02-21 15:30:15,88.50333,54.85287
2020-02-21 16:00:14,88.50524,54.80095
2020-02-21 16:30:15,88.5072,54.74639
2020-02-21 17:00:15,88.50916,54.6899
2020-02-21 17:30:14,88.5112,54.63255
2020-02-21 18:00:15,88.51328,54.57415
2020-02-21 18:30:14,88.51536,54.51415
2020-02-21 19:00:14,88.51743,54.45523
2020-02-21 19:30:15,88.51949,54.39797
2020-02-21 20:00:14,88.52152,54.34215
2020-02-21 20:30:14,88.52344,54.2882
2020-02-21 21:00:15,88.52531,54.23418
2020-02-21 21:30:14,88.52716,54.18139
2020-02-21 22:00:14,88.52889,54.12893
2020-02-21 22:30:15,88.5306,54.07914
2020-02-21 23:00:14,88.5321,54.03067
2020-02-21 23:30:14,88.53345,53.97761
2020-02-22 00:00:15,88.53472,53.9258
2020-02-22 00:30:14,88.53593,53.87319
2020-02-22 01:00:14,88.53715,53.82069
2020-02-22 01:30:15,88.53836,53.76686
2020-02-22 02:00:14,88.53951,53.71495
2020-02-22 02:30:14,88.54063,53.66418
2020-02-22 03:00:15,88.54173,53.61884
2020-02-22 03:30:14,88.54279,53.57503
2020-02-22 04:00:14,88.54388,53.52991
2020-02-22 04:30:15,88.54489,53.48019
2020-02-22 05:00:14,88.54585,53.43031
2020-02-22 05:30:14,88.54669,53.38152
2020-02-22 06:00:15,88.54748,53.33364
2020-02-22 06:30:14,88.54817,53.28392
2020-02-22 07:00:14,88.5489,53.23389
2020-02-22 07:30:15,88.54953,53.1869
2020-02-22 08:00:14,88.55008,53.14062
2020-02-22 08:30:15,88.55049,53.09912
2020-02-22 09:00:15,88.55076,53.06205
2020-02-22 09:30:14,88.55106,53.02316
2020-02-22 10:00:15,88.55135,52.98285
2020-02-22 10:30:15,88.55161,52.94707
2020-02-22 11:00:14,88.55185,52.91234
2020-02-22 11:30:15,88.55213,52.87157
2020-02-22 12:00:15,88.55231,52.83375
2020-02-22 12:30:14,88.55248,52.79818
2020-02-22 13:00:15,88.55264,52.76477
2020-02-22 13:30:15,88.5528,52.73369
2020-02-22 14:00:14,88.55297,52.70237
2020-02-22 14:30:15,88.55302,52.67514
2020-02-22 15:00:15,88.55295,52.64889
2020-02-22 15:30:15,88.5527,52.62355
2020-02-22 16:00:14,88.55216,52.59669
2020-02-22 16:30:15,88.55154,52.56717
2020-02-22 17:00:15,88.55095,52.52629
2020-02-22 17:30:14,88.55035,52.48131
2020-02-22 18:00:15,88.54993,52.42564
2020-02-22 18:30:15,88.54964,52.36697
2020-02-22 19:00:14,88.54931,52.30741
2020-02-22 19:30:15,88.54901,52.24281
2020-02-22 20:00:15,88.54876,52.17259
2020-02-22 20:30:14,88.54847,52.10313
2020-02-22 21:00:15,88.54824,52.03036
2020-02-22 21:30:15,88.54794,51.95513
2020-02-22 22:00:14,88.54751,51.87864
2020-02-22 22:30:15,88.54704,51.80299
2020-02-22 23:00:15,88.54659,51.72989
2020-02-22 23:30:14,88.54619,51.65663
2020-02-23 00:00:15,88.546,51.58042
2020-02-23 00:30:15,88.5458,51.50697
2020-02-23 01:00:14,88.54512,51.44995
2020-02-23 01:30:15,88.5443,51.39716
2020-02-23 02:00:14,88.54376,51.33834
2020-02-23 02:30:14,88.54388,51.26003
2020-02-23 03:00:15,88.54387,51.18296
2020-02-23 03:30:14,88.54389,51.10727
2020-02-23 04:00:14,88.54409,51.02953
2020-02-23 04:30:15,88.54433,50.95115
2020-02-23 05:00:14,88.54471,50.86818
2020-02-23 05:30:14,88.54505,50.7866
2020-02-23 06:00:15,88.54536,50.70766
2020-02-23 06:30:14,88.5458,50.62513
2020-02-23 07:00:14,88.54637,50.53908
2020-02-23 07:30:15,88.54688,50.45146
2020-02-23 08:00:14,88.54742,50.36201
2020-02-23 08:30:14,88.54792,50.2719
2020-02-23 09:00:15,88.54847,50.18049
2020-02-23 09:30:14,88.54892,50.09234
2020-02-23 10:00:14,88.54944,49.99957
2020-02-23 10:30:15,88.54999,49.90586
2020-02-23 11:00:14,88.55056,49.8101
2020-02-23 11:30:14,88.55116,49.71244
2020-02-23 12:00:15,88.55168,49.61674
2020-02-23 12:30:14,88.55213,49.52239
2020-02-23 13:00:14,88.55251,49.42931
2020-02-23 13:30:15,88.55288,49.33393
2020-02-23 14:00:14,88.55315,49.23898
2020-02-23 14:30:14,88.55329,49.14598
2020-02-23 15:00:15,88.55334,49.05239
2020-02-23 15:30:14,88.5534,48.95836
2020-02-23 16:00:15,88.55345,48.85785
2020-02-23 16:30:15,88.5534,48.75589
2020-02-23 17:00:14,88.55327,48.65375
2020-02-23 17:30:15,88.55305,48.55025
2020-02-23 18:00:15,88.5528,48.44496
2020-02-23 18:30:14,88.55256,48.33338
2020-02-23 19:00:15,88.55233,48.21682
2020-02-23 19:30:15,88.55201,48.10192
2020-02-23 20:00:14,88.55172,47.9846
2020-02-23 20:30:15,88.55138,47.86685
2020-02-23 21:00:15,88.55099,47.74628
2020-02-23 21:30:14,88.55049,47.62807
2020-02-23 22:00:15,88.54999,47.50559
2020-02-23 22:30:15,88.54942,47.38127
2020-02-23 23:00:14,88.54874,47.25425
2020-02-23 23:30:15,88.54794,47.12342
2020-02-24 00:00:15,88.54708,46.98835
2020-02-24 00:30:15,88.54601,46.85508
2020-02-24 01:00:14,88.54475,46.73417
2020-02-24 01:30:15,88.54346,46.59952
2020-02-24 02:00:15,88.54209,46.46372
2020-02-24 02:30:14,88.54099,46.3258
2020-02-24 03:00:15,88.53996,46.18717
2020-02-24 03:30:15,88.53892,46.04948
2020-02-24 04:00:14,88.53792,45.90807
2020-02-24 04:30:15,88.53681,45.76298
2020-02-24 05:00:15,88.53579,45.60941
2020-02-24 05:30:14,88.53478,45.4478
2020-02-24 06:00:15,88.53376,45.28271
2020-02-24 06:30:15,88.53269,45.11305
2020-02-24 07:00:14,88.53155,44.94167
2020-02-24 07:30:15,88.53039,44.76483
2020-02-24 08:00:14,88.5292,44.58444
2020-02-24 08:30:14,88.52796,44.40174
2020-02-24 09:00:15,88.52676,44.21992
2020-02-24 09:30:14,88.52547,44.03415
2020-02-24 10:00:14,88.52396,43.86426
2020-02-24 10:30:15,88.52244,43.69538
2020-02-24 11:00:14,88.52101,43.51765
2020-02-24 11:30:14,88.51955,43.33609
2020-02-24 12:00:15,88.51808,43.15989
2020-02-24 12:30:14,88.51666,42.98761
2020-02-24 13:00:14,88.51529,42.8138
2020-02-24 13:30:15,88.51392,42.64141
2020-02-24 14:00:14,88.51256,42.47318
2020-02-24 14:30:14,88.51125,42.30618
2020-02-24 15:00:15,88.50995,42.1405
2020-02-24 15:30:14,88.50864,41.97563
2020-02-24 16:00:15,88.50735,41.81029
2020-02-24 16:30:15,88.50605,41.64435
2020-02-24 17:00:14,88.50478,41.47785
2020-02-24 17:30:15,88.50346,41.31079
2020-02-24 18:00:15,88.50212,41.14403
2020-02-24 18:30:14,88.50075,40.97623
2020-02-24 19:00:15,88.4994,40.80758
2020-02-24 19:30:15,88.49807,40.639
2020-02-24 20:00:14,88.49676,40.46963
2020-02-24 20:30:15,88.49542,40.30118
2020-02-24 21:00:15,88.49408,40.13289
2020-02-24 21:30:14,88.49272,39.964
2020-02-24 22:00:15,88.49135,39.79568
2020-02-24 22:30:15,88.48992,39.62895
2020-02-24 23:00:15,88.48848,39.46092
2020-02-24 23:30:14,88.48704,39.29288
2020-02-25 00:00:15,88.48557,39.12597
2020-02-25 00:30:15,88.48408,38.95998
2020-02-25 01:00:14,88.48254,38.7947
2020-02-25 01:30:15,88.481,38.62899
2020-02-25 02:00:15,88.47944,38.464
2020-02-25 02:30:14,88.47789,38.3001
2020-02-25 03:00:15,88.4764,38.13818
2020-02-25 03:30:15,88.47493,37.9784
2020-02-25 04:00:14,88.47352,37.82065
2020-02-25 04:30:15,88.47212,37.66515
2020-02-25 05:00:15,88.47073,37.51071
2020-02-25 05:30:14,88.46935,37.35717
2020-02-25 06:00:15,88.46797,37.20452
2020-02-25 06:30:14,88.46655,37.05266
2020-02-25 07:00:14,88.4651,36.90014
2020-02-25 07:30:15,88.46364,36.74665
2020-02-25 08:00:14,88.46214,36.59315
2020-02-25 08:30:14,88.46062,36.44041
2020-02-25 09:00:15,88.45907,36.28788
2020-02-25 09:30:14,88.45747,36.13651
2020-02-25 10:00:14,88.45583,35.98637
2020-02-25 10:30:15,88.45413,35.83849
2020-02-25 11:00:14,88.45242,35.69366
2020-02-25 11:30:14,88.45072,35.54974
2020-02-25 12:00:15,88.44901,35.40863
2020-02-25 12:30:14,88.44735,35.27209
2020-02-25 13:00:14,88.44566,35.13898
2020-02-25 13:30:15,88.44393,35.01131
2020-02-25 14:00:14,88.4422,34.88739
2020-02-25 14:30:15,88.44047,34.76522
2020-02-25 15:00:15,88.43872,34.64582
2020-02-25 15:30:14,88.43694,34.52936
2020-02-25 16:00:15,88.43517,34.41527
2020-02-25 16:30:15,88.43336,34.30384
2020-02-25 17:00:14,88.43155,34.19315
2020-02-25 17:30:15,88.4297,34.08419
2020-02-25 18:00:15,88.42777,33.97617
2020-02-25 18:30:14,88.42581,33.86852
2020-02-25 19:00:15,88.42383,33.76191
2020-02-25 19:30:15,88.42178,33.65555
2020-02-25 20:00:14,88.41969,33.54947
2020-02-25 20:30:15,88.41755,33.44257
2020-02-25 21:00:15,88.4154,33.33532
2020-02-25 21:30:15,88.41322,33.22657
2020-02-25 22:00:14,88.41104,33.11726
2020-02-25 22:30:15,88.40878,33.00813
2020-02-25 23:00:15,88.40651,32.89904
2020-02-25 23:30:14,88.40427,32.7921
2020-02-26 00:00:15,88.40202,32.68674
2020-02-26 00:30:15,88.39983,32.58247
2020-02-26 01:00:14,88.39767,32.48116
2020-02-26 01:30:15,88.39558,32.38287
2020-02-26 02:00:15,88.39352,32.28669
2020-02-26 02:30:14,88.3915,32.19333
2020-02-26 03:00:15,88.3895,32.10234
2020-02-26 03:30:14,88.38752,32.01363
2020-02-26 04:00:14,88.38557,31.92654
2020-02-26 04:30:15,88.38361,31.84156
2020-02-26 05:00:14,88.38164,31.75787
2020-02-26 05:30:14,88.37965,31.67481
2020-02-26 06:00:15,88.37766,31.59224
2020-02-26 06:30:14,88.37568,31.50938
2020-02-26 07:00:15,88.3737,31.42701
2020-02-26 07:30:15,88.3717,31.34503
2020-02-26 08:00:14,88.36969,31.26209
2020-02-26 08:30:15,88.36764,31.18013
2020-02-26 09:00:15,88.36557,31.0981
2020-02-26 09:30:14,88.3635,31.01538
2020-02-26 10:00:15,88.36145,30.93201
2020-02-26 10:30:15,88.35943,30.84951
2020-02-26 11:00:14,88.35738,30.76686
2020-02-26 11:30:15,88.35536,30.68446
2020-02-26 12:00:15,88.35331,30.60315
2020-02-26 12:30:15,88.35124,30.52395
2020-02-26 13:00:14,88.34921,30.44722
2020-02-26 13:30:15,88.34723,30.37467
2020-02-26 14:00:15,88.34527,30.30499
2020-02-26 14:30:14,88.34333,30.23839
2020-02-26 15:00:15,88.3414,30.1748
2020-02-26 15:30:15,88.33946,30.11385
2020-02-26 16:00:14,88.33756,30.05453
2020-02-26 16:30:15,88.33566,29.99701
2020-02-26 17:00:15,88.33377,29.93967
2020-02-26 17:30:14,88.33188,29.88412
2020-02-26 18:00:15,88.33001,29.82809
2020-02-26 18:30:14,88.32815,29.77243
2020-02-26 19:00:14,88.32626,29.71686
2020-02-26 19:30:15,88.32435,29.65966
2020-02-26 20:00:14,88.32243,29.60066
2020-02-26 20:30:15,88.32048,29.54132
2020-02-26 21:00:15,88.31853,29.48193
2020-02-26 21:30:14,88.31657,29.4222
2020-02-26 22:00:15,88.31458,29.36248
2020-02-26 22:30:15,88.31258,29.30221
2020-02-26 23:00:14,88.3106,29.24097
2020-02-26 23:30:15,88.30862,29.17997
2020-02-27 00:00:15,88.30666,29.12049
2020-02-27 00:30:15,88.3047,29.06185
2020-02-27 01:00:14,88.30277,29.00535
2020-02-27 01:30:15,88.30087,28.95027
2020-02-27 02:00:15,88.29901,28.89769
2020-02-27 02:30:14,88.29717,28.84666
2020-02-27 03:00:15,88.29535,28.7972
2020-02-27 03:30:15,88.29356,28.74998
2020-02-27 04:00:14,88.29179,28.7055
2020-02-27 04:30:15,88.29,28.66281
2020-02-27 05:00:14,88.28825,28.62018
2020-02-27 05:30:14,88.28649,28.57852
2020-02-27 06:00:15,88.28471,28.53704
2020-02-27 06:30:14,88.28292,28.49574
2020-02-27 07:00:14,88.28114,28.45363
2020-02-27 07:30:15,88.27934,28.41088
2020-02-27 08:00:14,88.27753,28.36564
2020-02-27 08:30:15,88.27572,28.31856
2020-02-27 09:00:15,88.2739,28.26987
2020-02-27 09:30:14,88.27206,28.22056
2020-02-27 10:00:15,88.27023,28.17003
2020-02-27 10:30:15,88.26841,28.11878
2020-02-27 11:00:14,88.26657,28.067
2020-02-27 11:30:15,88.26473,28.01374
2020-02-27 12:00:15,88.26293,27.95997
2020-02-27 12:30:15,88.26115,27.90596
2020-02-27 13:00:14,88.25941,27.85191
2020-02-27 13:30:15,88.25767,27.79786
2020-02-27 14:00:15,88.25597,27.74385
2020-02-27 14:30:14,88.2543,27.6907
2020-02-27 15:00:15,88.25268,27.63817
2020-02-27 15:30:14,88.25108,27.58617
2020-02-27 16:00:14,88.24948,27.53452
2020-02-27 16:30:15,88.24786,27.48302
2020-02-27 17:00:14,88.24627,27.43235
2020-02-27 17:30:14,88.24467,27.38165
2020-02-27 18:00:15,88.24306,27.33086
2020-02-27 18:30:14,88.24146,27.28004
2020-02-27 19:00:15,88.23987,27.22919
2020-02-27 19:30:15,88.23827,27.17799
2020-02-27 20:00:14,88.23663,27.12674
2020-02-27 20:30:15,88.23496,27.07551
2020-02-27 21:00:15,88.23331,27.02304
2020-02-27 21:30:15,88.23158,26.96923
2020-02-27 22:00:14,88.22984,26.91475
2020-02-27 22:30:15,88.2281,26.85861
2020-02-27 23:00:15,88.22641,26.80208
2020-02-27 23:30:14,88.22472,26.74559
2020-02-28 00:00:15,88.22308,26.68946
2020-02-28 00:30:14,88.22145,26.63518
2020-02-28 01:00:14,88.21986,26.58168
2020-02-28 01:30:15,88.21828,26.52934
2020-02-28 02:00:14,88.21669,26.47896
2020-02-28 02:30:14,88.21515,26.43013
2020-02-28 03:00:15,88.21364,26.38316
2020-02-28 03:30:14,88.21212,26.33844
2020-02-28 04:00:15,88.21061,26.29588
2020-02-28 04:30:15,88.20907,26.25496
2020-02-28 05:00:14,88.20754,26.2145
2020-02-28 05:30:15,88.206,26.17529
2020-02-28 06:00:15,88.20445,26.13678
2020-02-28 06:30:15,88.2029,26.09823
2020-02-28 07:00:14,88.20132,26.0607
2020-02-28 07:30:15,88.19972,26.02323
2020-02-28 08:00:15,88.19814,25.98459
2020-02-28 08:30:14,88.19653,25.94552
2020-02-28 09:00:15,88.19486,25.90441
2020-02-28 09:30:14,88.1932,25.86243
2020-02-28 10:00:14,88.19151,25.81976
2020-02-28 10:30:15,88.18983,25.77673
2020-02-28 11:00:14,88.1882,25.73349
2020-02-28 11:30:15,88.18662,25.6906
2020-02-28 12:00:15,88.18508,25.64873
2020-02-28 12:30:14,88.18353,25.6083
2020-02-28 13:00:15,88.18203,25.56884
2020-02-28 13:30:15,88.18056,25.53073
2020-02-28 14:00:15,88.17908,25.49474
2020-02-28 14:30:14,88.17764,25.46019
2020-02-28 15:00:15,88.17617,25.42672
2020-02-28 15:30:15,88.17474,25.39515
2020-02-28 16:00:14,88.17332,25.36466
2020-02-28 16:30:15,88.17188,25.3351
2020-02-28 17:00:14,88.17041,25.30647
2020-02-28 17:30:14,88.169,25.27631
2020-02-28 18:00:15,88.16756,25.24634
2020-02-28 18:30:14,88.16613,25.21624
2020-02-28 19:00:15,88.16465,25.18574
2020-02-28 19:30:15,88.16319,25.15461
2020-02-28 20:00:14,88.16167,25.12306
2020-02-28 20:30:15,88.16012,25.09144
2020-02-28 21:00:15,88.15857,25.06063
2020-02-28 21:30:15,88.157,25.02814
2020-02-28 22:00:14,88.15544,24.9934
2020-02-28 22:30:15,88.15385,24.95774
2020-02-28 23:00:15,88.15229,24.92165
2020-02-28 23:30:14,88.15073,24.88534
2020-02-29 00:00:15,88.14917,24.8474
2020-02-29 00:30:14,88.14764,24.80919
2020-02-29 01:00:14,88.14612,24.77202
2020-02-29 01:30:15,88.14467,24.733
2020-02-29 02:00:14,88.14323,24.69501
2020-02-29 02:30:15,88.1418,24.65904
2020-02-29 03:00:15,88.14034,24.62413
2020-02-29 03:30:14,88.13893,24.58947
2020-02-29 04:00:15,88.13754,24.55455
2020-02-29 04:30:15,88.13611,24.52455
2020-02-29 05:00:15,88.13458,24.49886
2020-02-29 05:30:14,88.13316,24.47323
2020-02-29 06:00:15,88.13172,24.44698
2020-02-29 06:30:15,88.1303,24.42074
2020-02-29 07:00:14,88.12888,24.39557
2020-02-29 07:30:15,88.12746,24.3697
2020-02-29 08:00:14,88.12611,24.34225
2020-02-29 08:30:14,88.12472,24.31557
2020-02-29 09:00:15,88.12332,24.28893
2020-02-29 09:30:14,88.12189,24.26403
2020-02-29 10:00:15,88.12044,24.23937
2020-02-29 10:30:15,88.11901,24.21359
2020-02-29 11:00:14,88.11761,24.18638
2020-02-29 11:30:15,88.11626,24.16026
2020-02-29 12:00:15,88.11488,24.13435
2020-02-29 12:30:15,88.11356,24.10997
2020-02-29 13:00:14,88.11221,24.08789
2020-02-29 13:30:15,88.11084,24.06713
2020-02-29 14:00:15,88.1095,24.04668
2020-02-29 14:30:14,88.10818,24.02664
2020-02-29 15:00:15,88.1069,24.00983
2020-02-29 15:30:14,88.10555,23.99478
2020-02-29 16:00:15,88.10421,23.97937
2020-02-29 16:30:15,88.10294,23.96636
2020-02-29 17:00:14,88.10169,23.96025
2020-02-29 17:30:15,88.10043,23.95529
2020-02-29 18:00:15,88.09919,23.95011
2020-02-29 18:30:15,88.098,23.94406
2020-02-29 19:00:14,88.09684,23.93899
2020-02-29 19:30:15,88.09572,23.93507
2020-02-29 20:00:15,88.09461,23.92988
2020-02-29 20:30:14,88.09349,23.92374
2020-02-29 21:00:15,88.09235,23.91719
2020-02-29 21:30:14,88.0912,23.91302
2020-02-29 22:00:14,88.09,23.90863
2020-02-29 22:30:15,88.08878,23.9035
2020-02-29 23:00:14,88.08753,23.89859
2020-02-29 23:30:15,88.08627,23.89358
2020-03-01 00:00:15,88.085,23.88765
2020-03-01 00:30:14,88.08372,23.87992
2020-03-01 01:00:15,88.08247,23.87265
2020-03-01 01:30:15,88.08125,23.86721
2020-03-01 02:00:15,88.08002,23.86253
2020-03-01 02:30:14,88.07885,23.86034
2020-03-01 03:00:15,88.07774,23.85823
2020-03-01 03:30:15,88.07669,23.85744
2020-03-01 04:00:14,88.07568,23.85672
2020-03-01 04:30:15,88.07472,23.85667
2020-03-01 05:00:14,88.07381,23.85754
2020-03-01 05:30:15,88.07293,23.85936
2020-03-01 06:00:15,88.07207,23.86117
2020-03-01 06:30:14,88.07125,23.86333
2020-03-01 07:00:15,88.07048,23.86555
2020-03-01 07:30:15,88.06972,23.86781
2020-03-01 08:00:15,88.06897,23.86936
2020-03-01 08:30:14,88.06827,23.87021
2020-03-01 09:00:15,88.0675,23.87137
2020-03-01 09:30:15,88.06679,23.87251
2020-03-01 10:00:14,88.06601,23.87334
2020-03-01 10:30:15,88.06524,23.87435
2020-03-01 11:00:14,88.06447,23.87516
2020-03-01 11:30:15,88.06369,23.87574
2020-03-01 12:00:15,88.0629,23.8755
2020-03-01 12:30:14,88.06212,23.87482
2020-03-01 13:00:15,88.06136,23.8754
2020-03-01 13:30:15,88.0606,23.87592
2020-03-01 14:00:15,88.05987,23.87558
2020-03-01 14:30:14,88.05916,23.87488
2020-03-01 15:00:15,88.05849,23.87425
2020-03-01 15:30:15,88.05788,23.8731
2020-03-01 16:00:14,88.0573,23.87268
2020-03-01 16:30:15,88.05673,23.8733
2020-03-01 17:00:14,88.0562,23.8744
2020-03-01 17:30:15,88.05568,23.87607
2020-03-01 18:00:15,88.05518,23.87824
2020-03-01 18:30:14,88.0547,23.88047
2020-03-01 19:00:15,88.0542,23.8827
2020-03-01 19:30:15,88.0537,23.88433
2020-03-01 20:00:15,88.05317,23.88578
2020-03-01 20:30:14,88.05263,23.88634
2020-03-01 21:00:15,88.05204,23.88618
2020-03-01 21:30:15,88.0514,23.88545
2020-03-01 22:00:14,88.05074,23.88508
2020-03-01 22:30:15,88.05003,23.8834
2020-03-01 23:00:14,88.04936,23.87965
2020-03-01 23:30:15,88.04868,23.87578
2020-03-02 00:00:15,88.04794,23.87031
2020-03-02 00:30:14,88.04721,23.86434
2020-03-02 01:00:15,88.04651,23.85919
2020-03-02 01:30:15,88.04578,23.85535
2020-03-02 02:00:15,88.04508,23.84968
2020-03-02 02:30:14,88.04437,23.84583
2020-03-02 03:00:15,88.04364,23.84044
2020-03-02 03:30:15,88.04291,23.82875
2020-03-02 04:00:14,88.0422,23.81607
2020-03-02 04:30:15,88.0415,23.80409
2020-03-02 05:00:14,88.04079,23.79736
2020-03-02 05:30:15,88.04002,23.79383
2020-03-02 06:00:15,88.03925,23.79035
2020-03-02 06:30:14,88.03848,23.78346
2020-03-02 07:00:15,88.03764,23.77587
2020-03-02 07:30:15,88.03679,23.77121
2020-03-02 08:00:15,88.03592,23.76732
2020-03-02 08:30:14,88.03504,23.76559
2020-03-02 09:00:15,88.03416,23.76009
2020-03-02 09:30:14,88.0332,23.75502
2020-03-02 10:00:14,88.03224,23.74779
2020-03-02 10:30:15,88.03128,23.73902
2020-03-02 11:00:14,88.03025,23.72763
2020-03-02 11:30:15,88.02923,23.71777
2020-03-02 12:00:15,88.0282,23.70673
2020-03-02 12:30:14,88.02718,23.69527
2020-03-02 13:00:15,88.02616,23.68245
2020-03-02 13:30:15,88.02513,23.66881
2020-03-02 14:00:15,88.02412,23.65439
2020-03-02 14:30:14,88.02315,23.63973
2020-03-02 15:00:15,88.02212,23.62829
2020-03-02 15:30:14,88.02106,23.62182
2020-03-02 16:00:14,88.02012,23.6159
2020-03-02 16:30:15,88.01915,23.60557
2020-03-02 17:00:14,88.01812,23.5908
2020-03-02 17:30:15,88.01716,23.58012
2020-03-02 18:00:15,88.01614,23.57024
2020-03-02 18:30:14,88.01512,23.56203
2020-03-02 19:00:15,88.01407,23.55517
2020-03-02 19:30:15,88.013,23.54575
2020-03-02 20:00:15,88.01193,23.5372
2020-03-02 20:30:14,88.01086,23.52757
2020-03-02 21:00:15,88.00983,23.51935
2020-03-02 21:30:14,88.00877,23.51126
2020-03-02 22:00:14,88.00774,23.50348
2020-03-02 22:30:15,88.00669,23.49511
2020-03-02 23:00:14,88.0056,23.48422
2020-03-02 23:30:15,88.00448,23.47278
2020-03-03 00:00:15,88.0034,23.46292
2020-03-03 00:30:15,88.00228,23.45093
2020-03-03 01:00:14,88.00112,23.43838
2020-03-03 01:30:15,88.00002,23.43193
2020-03-03 02:00:15,87.99889,23.42638
2020-03-03 02:30:14,87.9978,23.41845
2020-03-03 03:00:15,87.9967,23.41003
2020-03-03 03:30:14,87.99567,23.39838
2020-03-03 04:00:14,87.99463,23.39015
2020-03-03 04:30:15,87.9936,23.3831
2020-03-03 05:00:14,87.99262,23.38019
2020-03-03 05:30:15,87.99167,23.37865
2020-03-03 06:00:15,87.99071,23.37345
2020-03-03 06:30:15,87.98976,23.37141
2020-03-03 07:00:14,87.98884,23.37233
2020-03-03 07:30:15,87.98792,23.37302
2020-03-03 08:00:15,87.98709,23.37205
2020-03-03 08:30:14,87.98629,23.36672
2020-03-03 09:00:15,87.98541,23.36268
2020-03-03 09:30:14,87.98452,23.35962
2020-03-03 10:00:15,87.9836,23.35642
2020-03-03 10:30:15,87.98261,23.35146
2020-03-03 11:00:14,87.98163,23.34599
2020-03-03 11:30:15,87.98061,23.33997
2020-03-03 12:00:15,87.9796,23.33279
2020-03-03 12:30:15,87.97861,23.32865
2020-03-03 13:00:14,87.97764,23.32912
2020-03-03 13:30:15,87.97664,23.3295
2020-03-03 14:00:14,87.97572,23.32896
2020-03-03 14:30:14,87.97484,23.32386
2020-03-03 15:00:15,87.97395,23.31714
2020-03-03 15:30:14,87.97302,23.31209
2020-03-03 16:00:15,87.97218,23.30707
2020-03-03 16:30:15,87.97136,23.30267
2020-03-03 17:00:15,87.97049,23.2992
2020-03-03 17:30:14,87.9697,23.29525
2020-03-03 18:00:15,87.96889,23.29083
2020-03-03 18:30:15,87.96813,23.2888
2020-03-03 19:00:14,87.9674,23.28659
2020-03-03 19:30:15,87.96672,23.28396
2020-03-03 20:00:14,87.96599,23.28184
2020-03-03 20:30:15,87.96532,23.28134
2020-03-03 21:00:15,87.96465,23.28001
2020-03-03 21:30:14,87.96392,23.27744
2020-03-03 22:00:15,87.9632,23.2777
2020-03-03 22:30:15,87.96253,23.28013
2020-03-03 23:00:15,87.96194,23.28181
2020-03-03 23:30:14,87.96127,23.28103
2020-03-04 00:00:15,87.96061,23.28119
2020-03-04 00:30:14,87.95996,23.28149
2020-03-04 01:00:14,87.9593,23.28149
2020-03-04 01:30:15,87.95869,23.28158
2020-03-04 02:00:14,87.95811,23.2847
2020-03-04 02:30:15,87.95752,23.28829
2020-03-04 03:00:15,87.95711,23.29183
2020-03-04 03:30:15,87.95665,23.29503
2020-03-04 04:00:14,87.95618,23.30031
2020-03-04 04:30:15,87.95573,23.30587
2020-03-04 05:00:15,87.95528,23.31001
2020-03-04 05:30:14,87.9548,23.31259
2020-03-04 06:00:15,87.95429,23.31606
2020-03-04 06:30:14,87.95383,23.32303
2020-03-04 07:00:15,87.95338,23.33182
2020-03-04 07:30:15,87.95297,23.34213
2020-03-04 08:00:14,87.95265,23.35251
2020-03-04 08:30:15,87.95219,23.36149
2020-03-04 09:00:15,87.95172,23.36981
2020-03-04 09:30:15,87.95126,23.37873
2020-03-04 10:00:14,87.95081,23.38701
2020-03-04 10:30:15,87.95037,23.39469
2020-03-04 11:00:14,87.94994,23.40125
2020-03-04 11:30:15,87.94956,23.40687
2020-03-04 12:00:15,87.94921,23.41353
2020-03-04 12:30:14,87.94905,23.41977
2020-03-04 13:00:15,87.94881,23.42637
2020-03-04 13:30:15,87.94859,23.43272
2020-03-04 14:00:15,87.94844,23.43923
2020-03-04 14:30:14,87.9484,23.44293
2020-03-04 15:00:15,87.94846,23.44563
2020-03-04 15:30:14,87.94846,23.45099
2020-03-04 16:00:14,87.94848,23.45658
2020-03-04 16:30:15,87.94848,23.46163
2020-03-04 17:00:14,87.94848,23.4691
2020-03-04 17:30:15,87.94846,23.47674
2020-03-04 18:00:15,87.94843,23.4856
2020-03-04 18:30:15,87.9483,23.49585
2020-03-04 19:00:14,87.94821,23.50549
2020-03-04 19:30:15,87.94814,23.51657
2020-03-04 20:00:15,87.94808,23.52814
2020-03-04 20:30:14,87.94803,23.53859
2020-03-04 21:00:15,87.94807,23.54797
2020-03-04 21:30:14,87.94805,23.55748
2020-03-04 22:00:14,87.94801,23.56628
2020-03-04 22:30:15,87.94801,23.57461
2020-03-04 23:00:14,87.948,23.5827
2020-03-04 23:30:15,87.948,23.59078
2020-03-05 00:00:15,87.94798,23.59698
2020-03-05 00:30:15,87.94801,23.60175
2020-03-05 01:00:14,87.9481,23.60673
2020-03-05 01:30:15,87.94824,23.6111
2020-03-05 02:00:15,87.94832,23.61391
2020-03-05 02:30:14,87.94837,23.61553
2020-03-05 03:00:15,87.94846,23.61687
2020-03-05 03:30:14,87.9486,23.61856
2020-03-05 04:00:14,87.94878,23.6208
2020-03-05 04:30:15,87.94897,23.62174
2020-03-05 05:00:14,87.9492,23.62376
2020-03-05 05:30:15,87.94944,23.626
2020-03-05 06:00:15,87.94971,23.6275
2020-03-05 06:30:15,87.94994,23.62909
2020-03-05 07:00:14,87.95016,23.63065
2020-03-05 07:30:15,87.95045,23.63217
2020-03-05 08:00:15,87.95067,23.63195
2020-03-05 08:30:14,87.95088,23.63163
2020-03-05 09:00:15,87.95119,23.63147
2020-03-05 09:30:14,87.95145,23.6311
2020-03-05 10:00:15,87.95171,23.63094
2020-03-05 10:30:15,87.95205,23.63088
2020-03-05 11:00:14,87.95237,23.62944
2020-03-05 11:30:15,87.9526,23.62732
2020-03-05 12:00:15,87.95287,23.62416
2020-03-05 12:30:15,87.95317,23.62078
2020-03-05 13:00:14,87.9534,23.61733
2020-03-05 13:30:15,87.95367,23.61287
2020-03-05 14:00:14,87.954,23.60669
2020-03-05 14:30:14,87.95431,23.60015
2020-03-05 15:00:15,87.95452,23.59389
2020-03-05 15:30:14,87.95474,23.58651
2020-03-05 16:00:15,87.95495,23.57769
2020-03-05 16:30:15,87.95524,23.56853
2020-03-05 17:00:15,87.95552,23.56151
2020-03-05 17:30:14,87.95576,23.55428
2020-03-05 18:00:15,87.95599,23.54618
2020-03-05 18:30:15,87.95649,23.53474
2020-03-05 19:00:14,87.95681,23.52479
2020-03-05 19:30:15,87.95707,23.51412
2020-03-05 20:00:14,87.95738,23.50073
2020-03-05 20:30:15,87.95773,23.48734
2020-03-05 21:00:15,87.95802,23.4751
2020-03-05 21:30:14,87.95828,23.45794
2020-03-05 22:00:15,87.95848,23.44211
2020-03-05 22:30:15,87.9588,23.42153
2020-03-05 23:00:15,87.95893,23.40678
2020-03-05 23:30:14,87.95907,23.38919
2020-03-06 00:00:15,87.95909,23.37333
2020-03-06 00:30:15,87.95921,23.34959
2020-03-06 01:00:14,87.95932,23.32619
2020-03-06 01:30:15,87.95944,23.29804
2020-03-06 02:00:14,87.9595,23.26919
2020-03-06 02:30:15,87.95959,23.23715
2020-03-06 03:00:15,87.95945,23.22
2020-03-06 03:30:14,87.95944,23.19197
2020-03-06 04:00:15,87.95941,23.15798
2020-03-06 04:30:15,87.95923,23.12554
2020-03-06 05:00:15,87.95893,23.10335
2020-03-06 05:30:14,87.95871,23.05784
2020-03-06 06:00:15,87.95868,23.00029
2020-03-06 06:30:15,87.95857,22.94851
2020-03-06 07:00:14,87.95825,22.91072
2020-03-06 07:30:15,87.95802,22.85406
2020-03-06 08:00:14,87.95773,22.81088
2020-03-06 08:30:14,87.95744,22.76551
2020-03-06 09:00:15,87.95724,22.71341
2020-03-06 09:30:14,87.95709,22.65658
2020-03-06 10:00:15,87.95693,22.59611
2020-03-06 10:30:15,87.95664,22.54209
2020-03-06 11:00:14,87.95629,22.48692
2020-03-06 11:30:15,87.95591,22.42944
2020-03-06 12:00:15,87.95545,22.37008
2020-03-06 12:30:14,87.9549,22.31745
2020-03-06 13:00:15,87.95427,22.26689
2020-03-06 13:30:15,87.95354,22.21839
2020-03-06 14:00:15,87.95283,22.17154
2020-03-06 14:30:14,87.95208,22.11859
2020-03-06 15:00:15,87.95123,22.06468
2020-03-06 15:30:15,87.95029,22.01017
2020-03-06 16:00:14,87.9494,21.94996
2020-03-06 16:30:15,87.94853,21.89201
2020-03-06 17:00:14,87.94764,21.83529
2020-03-06 17:30:14,87.9468,21.77833
2020-03-06 18:00:15,87.94598,21.72068
2020-03-06 18:30:14,87.94518,21.66361
2020-03-06 19:00:15,87.94439,21.60803
2020-03-06 19:30:15,87.94352,21.55511
2020-03-06 20:00:14,87.94264,21.50203
2020-03-06 20:30:15,87.94179,21.44834
2020-03-06 21:00:15,87.94086,21.39581
2020-03-06 21:30:15,87.93992,21.34536
2020-03-06 22:00:14,87.93895,21.29598
2020-03-06 22:30:15,87.93793,21.24768
2020-03-06 23:00:15,87.93689,21.19986
2020-03-06 23:30:14,87.93587,21.1523
2020-03-07 00:00:15,87.93483,21.10099
2020-03-07 00:30:14,87.93378,21.04922
2020-03-07 01:00:14,87.93275,20.99801
2020-03-07 01:30:15,87.93171,20.94826
2020-03-07 02:00:14,87.93069,20.89793
2020-03-07 02:30:15,87.92966,20.84751
2020-03-07 03:00:15,87.92861,20.79745
2020-03-07 03:30:14,87.92756,20.74693
2020-03-07 04:00:15,87.92652,20.69481
2020-03-07 04:30:15,87.92549,20.6427
2020-03-07 05:00:15,87.92444,20.59142
2020-03-07 05:30:14,87.92342,20.5408
2020-03-07 06:00:15,87.9224,20.49089
2020-03-07 06:30:15,87.92133,20.44275
2020-03-07 07:00:14,87.92027,20.39538
2020-03-07 07:30:15,87.91919,20.34857
2020-03-07 08:00:14,87.91812,20.30286
2020-03-07 08:30:14,87.91705,20.25886
2020-03-07 09:00:15,87.91595,20.21623
2020-03-07 09:30:14,87.91481,20.17613
2020-03-07 10:00:15,87.91365,20.13699
2020-03-07 10:30:15,87.91251,20.09761
2020-03-07 11:00:14,87.91133,20.05847
2020-03-07 11:30:15,87.91013,20.0196
2020-03-07 12:00:15,87.90892,19.98106
2020-03-07 12:30:15,87.90773,19.94254
2020-03-07 13:00:14,87.90653,19.90475
2020-03-07 13:30:15,87.90536,19.86738
2020-03-07 14:00:15,87.90423,19.82937
2020-03-07 14:30:14,87.90312,19.7916
2020-03-07 15:00:15,87.90204,19.7541
2020-03-07 15:30:14,87.90093,19.71759
2020-03-07 16:00:14,87.8998,19.68165
2020-03-07 16:30:15,87.89868,19.64463
2020-03-07 17:00:14,87.89754,19.60779
2020-03-07 17:30:14,87.8964,19.57216
2020-03-07 18:00:15,87.89526,19.53743
2020-03-07 18:30:14,87.89412,19.50382
2020-03-07 19:00:15,87.89297,19.47107
2020-03-07 19:30:15,87.89178,19.43919
2020-03-07 20:00:14,87.89057,19.408
2020-03-07 20:30:15,87.88936,19.37725
2020-03-07 21:00:15,87.88812,19.34696
2020-03-07 21:30:15,87.88688,19.31724
2020-03-07 22:00:14,87.88561,19.2878
2020-03-07 22:30:15,87.88435,19.25819
2020-03-07 23:00:15,87.88304,19.22813
2020-03-07 23:30:14,87.88176,19.1987
2020-03-08 00:00:15,87.88048,19.16962
2020-03-08 00:30:15,87.87921,19.14054
2020-03-08 01:00:14,87.87794,19.11137
2020-03-08 01:30:15,87.87669,19.0832
2020-03-08 02:00:14,87.87543,19.05554
2020-03-08 02:30:14,87.87412,19.02768
2020-03-08 03:00:15,87.8728,19.00008
2020-03-08 03:30:14,87.87148,18.97225
2020-03-08 04:00:15,87.87015,18.94448
2020-03-08 04:30:15,87.86879,18.91749
2020-03-08 05:00:14,87.86742,18.891
2020-03-08 05:30:15,87.86601,18.86502
2020-03-08 06:00:15,87.8646,18.8395
2020-03-08 06:30:15,87.86314,18.81394
2020-03-08 07:00:14,87.86166,18.78864
2020-03-08 07:30:15,87.86016,18.7642
2020-03-08 08:00:15,87.85864,18.74143
2020-03-08 08:30:14,87.85708,18.71894
2020-03-08 09:00:15,87.85548,18.69676
2020-03-08 09:30:14,87.85388,18.67513
2020-03-08 10:00:14,87.85223,18.65376
2020-03-08 10:30:15,87.85057,18.63193
2020-03-08 11:00:14,87.84884,18.61149
2020-03-08 11:30:15,87.84705,18.59129
2020-03-08 12:00:15,87.84525,18.57098
2020-03-08 12:30:14,87.84341,18.5528
2020-03-08 13:00:15,87.84152,18.5358
2020-03-08 13:30:15,87.83958,18.5171
2020-03-08 14:00:15,87.83771,18.49664
2020-03-08 14:30:14,87.83575,18.47746
2020-03-08 15:00:15,87.83385,18.45354
2020-03-08 15:30:15,87.83188,18.43158
2020-03-08 16:00:14,87.8298,18.41131
2020-03-08 16:30:15,87.82763,18.39035
2020-03-08 17:00:14,87.82537,18.36862
2020-03-08 17:30:14,87.82301,18.34865
2020-03-08 18:00:15,87.82057,18.3294
2020-03-08 18:30:14,87.81809,18.3087
2020-03-08 19:00:15,87.81554,18.28939
2020-03-08 19:30:15,87.8129,18.27112
2020-03-08 20:00:14,87.81023,18.25308
2020-03-08 20:30:15,87.8075,18.23537
2020-03-08 21:00:15,87.8047,18.21816
2020-03-08 21:30:15,87.80183,18.20157
2020-03-08 22:00:14,87.79892,18.1855
2020-03-08 22:30:15,87.79594,18.16958
2020-03-08 23:00:15,87.79291,18.1553
2020-03-08 23:30:14,87.78984,18.14144
2020-03-09 00:00:15,87.78674,18.12899
2020-03-09 00:30:14,87.78364,18.11703
2020-03-09 01:00:14,87.7805,18.10541
2020-03-09 01:30:15,87.77736,18.09431
2020-03-09 02:00:14,87.77425,18.08363
2020-03-09 02:30:15,87.77116,18.07098
2020-03-09 03:00:15,87.76808,18.05976
2020-03-09 03:30:14,87.76498,18.05014
2020-03-09 04:00:15,87.76192,18.04138
2020-03-09 04:30:15,87.75884,18.03199
2020-03-09 05:00:15,87.75576,18.02458
2020-03-09 05:30:14,87.75266,18.01685
2020-03-09 06:00:15,87.74954,18.00986
2020-03-09 06:30:15,87.74636,18.00468
2020-03-09 07:00:14,87.74315,18.00048
2020-03-09 07:30:15,87.73992,17.99587
2020-03-09 08:00:14,87.73671,17.9921
2020-03-09 08:30:14,87.73343,17.98968
2020-03-09 09:00:15,87.73013,17.98804
2020-03-09 09:30:14,87.7268,17.98733
2020-03-09 10:00:15,87.72345,17.98719
2020-03-09 10:30:15,87.72015,17.98831
2020-03-09 11:00:14,87.71683,17.99158
2020-03-09 11:30:15,87.71349,17.99546
2020-03-09 12:00:15,87.71012,17.99954
2020-03-09 12:30:15,87.7068,18.00439
2020-03-09 13:00:14,87.70352,18.01034
2020-03-09 13:30:15,87.70029,18.01806
2020-03-09 14:00:14,87.69712,18.02671
2020-03-09 14:30:14,87.69402,18.03614
2020-03-09 15:00:15,87.69093,18.04601
2020-03-09 15:30:14,87.68785,18.05615
2020-03-09 16:00:15,87.68485,18.06782
2020-03-09 16:30:15,87.6818,18.07944
2020-03-09 17:00:14,87.67873,18.09148
2020-03-09 17:30:15,87.67572,18.10436
2020-03-09 18:00:15,87.67272,18.11808
2020-03-09 18:30:15,87.66975,18.13244
2020-03-09 19:00:14,87.66675,18.14762
2020-03-09 19:30:15,87.66372,18.16317
2020-03-09 20:00:14,87.66064,18.17895
2020-03-09 20:30:14,87.65757,18.19569
2020-03-09 21:00:15,87.65443,18.2142
2020-03-09 21:30:14,87.65128,18.23373
2020-03-09 22:00:15,87.64809,18.25402
2020-03-09 22:30:15,87.64492,18.27583
2020-03-09 23:00:14,87.64175,18.29924
2020-03-09 23:30:15,87.63852,18.32206
2020-03-10 00:00:15,87.63535,18.34582
2020-03-10 00:30:15,87.63224,18.37057
2020-03-10 01:00:14,87.6292,18.39619
2020-03-10 01:30:15,87.62623,18.42271
2020-03-10 02:00:15,87.62324,18.45037
2020-03-10 02:30:14,87.62031,18.47873
2020-03-10 03:00:15,87.61735,18.50696
2020-03-10 03:30:14,87.61443,18.53621
2020-03-10 04:00:15,87.61152,18.56509
2020-03-10 04:30:15,87.60864,18.59385
2020-03-10 05:00:14,87.60574,18.62236
2020-03-10 05:30:15,87.60285,18.65038
2020-03-10 06:00:15,87.59998,18.67853
2020-03-10 06:30:15,87.59707,18.70661
2020-03-10 07:00:14,87.59415,18.73411
2020-03-10 07:30:15,87.5912,18.76181
2020-03-10 08:00:15,87.58825,18.78973
2020-03-10 08:30:14,87.58525,18.8179
2020-03-10 09:00:15,87.58223,18.84593
2020-03-10 09:30:14,87.5792,18.87454
2020-03-10 10:00:15,87.57613,18.90345
2020-03-10 10:30:15,87.57307,18.93277
2020-03-10 11:00:14,87.56998,18.96244
2020-03-10 11:30:15,87.56688,18.99273
2020-03-10 12:00:15,87.5638,19.02351
2020-03-10 12:30:15,87.56078,19.0547
2020-03-10 13:00:14,87.55782,19.08598
2020-03-10 13:30:15,87.55493,19.11786
2020-03-10 14:00:15,87.55212,19.15014
2020-03-10 14:30:14,87.5494,19.18267
2020-03-10 15:00:15,87.54671,19.21529
2020-03-10 15:30:14,87.54411,19.24784
2020-03-10 16:00:14,87.54153,19.27982
2020-03-10 16:30:15,87.53902,19.31134
2020-03-10 17:00:14,87.53667,19.33984
2020-03-10 17:30:15,87.53442,19.36669
2020-03-10 18:00:15,87.53224,19.39238
2020-03-10 18:30:15,87.53016,19.4185
2020-03-10 19:00:14,87.52812,19.44415
2020-03-10 19:30:15,87.52618,19.46816
2020-03-10 20:00:15,87.52425,19.49035
2020-03-10 20:30:14,87.5224,19.51124
2020-03-10 21:00:15,87.5206,19.53011
2020-03-10 21:30:14,87.51887,19.54789
2020-03-10 22:00:15,87.51709,19.56296
2020-03-10 22:30:15,87.51532,19.57489
2020-03-10 23:00:14,87.51356,19.58433
2020-03-10 23:30:15,87.51186,19.59219
2020-03-11 00:00:15,87.5102,19.59701
2020-03-11 00:30:15,87.50856,19.59919
2020-03-11 01:00:14,87.50705,19.59847
2020-03-11 01:30:15,87.50573,19.59334
2020-03-11 02:00:15,87.50462,19.58239
2020-03-11 02:30:14,87.50362,19.56882
2020-03-11 03:00:15,87.50271,19.5524
2020-03-11 03:30:14,87.50182,19.5348
2020-03-11 04:00:15,87.50098,19.51557
2020-03-11 04:30:15,87.5002,19.49523
2020-03-11 05:00:14,87.49944,19.47374
2020-03-11 05:30:15,87.49873,19.45077
2020-03-11 06:00:15,87.49808,19.42615
2020-03-11 06:30:15,87.49743,19.39994
2020-03-11 07:00:14,87.49676,19.37245
2020-03-11 07:30:15,87.49606,19.34303
2020-03-11 08:00:15,87.49527,19.31124
2020-03-11 08:30:14,87.49437,19.27875
2020-03-11 09:00:15,87.49333,19.24465
2020-03-11 09:30:14,87.49228,19.20962
2020-03-11 10:00:15,87.49114,19.17217
2020-03-11 10:30:15,87.48988,19.134
2020-03-11 11:00:14,87.48859,19.09567
2020-03-11 11:30:15,87.48714,19.05788
2020-03-11 12:00:15,87.48547,19.01853
2020-03-11 12:30:15,87.4837,18.97862
2020-03-11 13:00:14,87.48177,18.93886
2020-03-11 13:30:15,87.47981,18.89855
2020-03-11 14:00:15,87.47787,18.86015
2020-03-11 14:30:14,87.4758,18.82101
2020-03-11 15:00:15,87.47369,18.78273
2020-03-11 15:30:14,87.47148,18.74274
2020-03-11 16:00:15,87.46932,18.70397
2020-03-11 16:30:15,87.46716,18.66425
2020-03-11 17:00:14,87.46497,18.62542
2020-03-11 17:30:15,87.46269,18.58579
2020-03-11 18:00:15,87.46033,18.5456
2020-03-11 18:30:15,87.45795,18.50407
2020-03-11 19:00:14,87.4557,18.4617
2020-03-11 19:30:15,87.4534,18.41772
2020-03-11 20:00:15,87.45105,18.37364
2020-03-11 20:30:14,87.44862,18.32896
2020-03-11 21:00:15,87.44603,18.28214
2020-03-11 21:30:14,87.44307,18.23285
2020-03-11 22:00:14,87.43995,18.17974
2020-03-11 22:30:15,87.43688,18.12711
2020-03-11 23:00:14,87.43357,18.07126
2020-03-11 23:30:15,87.43015,18.01326
2020-03-12 00:00:15,87.4267,17.9526
2020-03-12 00:30:14,87.4231,17.88931
2020-03-12 01:00:15,87.41946,17.82672
2020-03-12 01:30:15,87.41588,17.7655
2020-03-12 02:00:15,87.41232,17.7056
2020-03-12 02:30:14,87.40878,17.64694
2020-03-12 03:00:15,87.40528,17.58958
2020-03-12 03:30:15,87.40179,17.53383
2020-03-12 04:00:14,87.39829,17.47951
2020-03-12 04:30:15,87.39478,17.4265
2020-03-12 05:00:14,87.39124,17.37503
2020-03-12 05:30:14,87.38761,17.32413
2020-03-12 06:00:15,87.38392,17.27449
2020-03-12 06:30:14,87.38014,17.22497
2020-03-12 07:00:15,87.3763,17.17578
2020-03-12 07:30:15,87.37238,17.12648
2020-03-12 08:00:14,87.36835,17.07619
2020-03-12 08:30:15,87.36423,17.02533
2020-03-12 09:00:15,87.36002,16.97413
2020-03-12 09:30:15,87.35577,16.92214
2020-03-12 10:00:14,87.35146,16.86852
2020-03-12 10:30:15,87.34715,16.81388
2020-03-12 11:00:15,87.3428,16.75882
2020-03-12 11:30:14,87.33849,16.70271
2020-03-12 12:00:15,87.33418,16.64679
2020-03-12 12:30:14,87.32985,16.59123
2020-03-12 13:00:14,87.32553,16.5358
2020-03-12 13:30:15,87.32118,16.48008
2020-03-12 14:00:14,87.31686,16.42416
2020-03-12 14:30:14,87.31256,16.37007
2020-03-12 15:00:15,87.30827,16.31639
2020-03-12 15:30:14,87.30405,16.2651
2020-03-12 16:00:15,87.29984,16.21612
2020-03-12 16:30:15,87.29564,16.16924
2020-03-12 17:00:14,87.29143,16.12343
2020-03-12 17:30:15,87.28722,16.07872
2020-03-12 18:00:15,87.28303,16.03665
2020-03-12 18:30:15,87.27882,15.9946
2020-03-12 19:00:14,87.27459,15.95291
2020-03-12 19:30:15,87.27026,15.91107
2020-03-12 20:00:15,87.26591,15.86866
2020-03-12 20:30:14,87.26149,15.82533
2020-03-12 21:00:15,87.25703,15.78201
2020-03-12 21:30:14,87.25248,15.73797
2020-03-12 22:00:14,87.24784,15.69402
2020-03-12 22:30:15,87.24306,15.65082
2020-03-12 23:00:14,87.23819,15.60822
2020-03-12 23:30:15,87.2332,15.56587
2020-03-13 00:00:15,87.22812,15.52425
2020-03-13 00:30:14,87.22296,15.48352
2020-03-13 01:00:15,87.21763,15.44295
2020-03-13 01:30:15,87.2121,15.4046
2020-03-13 02:00:15,87.20643,15.36633
2020-03-13 02:30:14,87.20058,15.32683
2020-03-13 03:00:15,87.19472,15.28854
2020-03-13 03:30:15,87.18915,15.2482
2020-03-13 04:00:14,87.18369,15.2085
2020-03-13 04:30:15,87.17827,15.17084
2020-03-13 05:00:14,87.17284,15.13571
2020-03-13 05:30:14,87.16748,15.10208
2020-03-13 06:00:15,87.16222,15.07123
2020-03-13 06:30:14,87.15694,15.04318
2020-03-13 07:00:15,87.15161,15.01589
2020-03-13 07:30:15,87.14621,14.98852
2020-03-13 08:00:14,87.1408,14.96001
2020-03-13 08:30:15,87.13535,14.93222
2020-03-13 09:00:15,87.12985,14.90499
2020-03-13 09:30:15,87.12434,14.87787
2020-03-13 10:00:14,87.11881,14.85054
2020-03-13 10:30:15,87.11327,14.82047
2020-03-13 11:00:15,87.10768,14.78985
2020-03-13 11:30:14,87.10214,14.75788
2020-03-13 12:00:15,87.09666,14.72674
2020-03-13 12:30:14,87.09109,14.69647
2020-03-13 13:00:14,87.08562,14.66815
2020-03-13 13:30:15,87.08009,14.64003
2020-03-13 14:00:14,87.07442,14.61304
2020-03-13 14:30:15,87.06873,14.5881
2020-03-13 15:00:15,87.06292,14.56344
2020-03-13 15:30:14,87.05701,14.53966
2020-03-13 16:00:15,87.05117,14.51671
2020-03-13 16:30:15,87.04533,14.49368
2020-03-13 17:00:15,87.03947,14.47083
2020-03-13 17:30:14,87.03362,14.44869
2020-03-13 18:00:15,87.0278,14.42575
2020-03-13 18:30:15,87.0221,14.40309
2020-03-13 19:00:14,87.01649,14.37919
2020-03-13 19:30:15,87.01097,14.35428
2020-03-13 20:00:14,87.00556,14.32938
2020-03-13 20:30:14,87.00023,14.30499
2020-03-13 21:00:15,86.99497,14.28152
2020-03-13 21:30:14,86.98981,14.25663
2020-03-13 22:00:15,86.98475,14.23043
2020-03-13 22:30:15,86.97979,14.20358
2020-03-13 23:00:14,86.97491,14.17748
2020-03-13 23:30:15,86.97018,14.15095
2020-03-14 00:00:15,86.96556,14.12224
2020-03-14 00:30:14,86.96101,14.09351
2020-03-14 01:00:15,86.95659,14.06532
2020-03-14 01:30:15,86.95233,14.0391
2020-03-14 02:00:15,86.94814,14.01555
2020-03-14 02:30:14,86.94393,13.99136
2020-03-14 03:00:15,86.93981,13.9656
2020-03-14 03:30:15,86.93583,13.93781
2020-03-14 04:00:14,86.93209,13.91157
2020-03-14 04:30:15,86.92859,13.88775
2020-03-14 05:00:14,86.92524,13.86562
2020-03-14 05:30:14,86.92208,13.84369
2020-03-14 06:00:15,86.91914,13.82313
2020-03-14 06:30:14,86.91643,13.80235
2020-03-14 07:00:14,86.91389,13.78116
2020-03-14 07:30:15,86.91156,13.75959
2020-03-14 08:00:14,86.90947,13.73748
2020-03-14 08:30:15,86.90757,13.71461
2020-03-14 09:00:15,86.90575,13.69187
2020-03-14 09:30:14,86.90391,13.66706
2020-03-14 10:00:15,86.90227,13.64042
2020-03-14 10:30:15,86.90095,13.61476
2020-03-14 11:00:15,86.89986,13.59251
2020-03-14 11:30:14,86.89883,13.57288
2020-03-14 12:00:15,86.89772,13.55458
2020-03-14 12:30:15,86.8964,13.5333
2020-03-14 13:00:14,86.89504,13.51131
2020-03-14 13:30:15,86.89372,13.49116
2020-03-14 14:00:14,86.89241,13.47269
2020-03-14 14:30:14,86.89114,13.45654
2020-03-14 15:00:15,86.88995,13.44206
2020-03-14 15:30:14,86.88884,13.42914
2020-03-14 16:00:15,86.88766,13.41698
2020-03-14 16:30:15,86.88656,13.40521
2020-03-14 17:00:14,86.88549,13.39373
2020-03-14 17:30:15,86.88449,13.38169
2020-03-14 18:00:15,86.88358,13.36844
2020-03-14 18:30:15,86.88274,13.35328
2020-03-14 19:00:14,86.88201,13.33714
2020-03-14 19:30:15,86.88128,13.32044
2020-03-14 20:00:15,86.88058,13.3019
2020-03-14 20:30:14,86.87985,13.28031
2020-03-14 21:00:15,86.87912,13.25821
2020-03-14 21:30:14,86.8784,13.23518
2020-03-14 22:00:14,86.87771,13.21103
2020-03-14 22:30:15,86.87691,13.18545
2020-03-14 23:00:14,86.87616,13.16041
2020-03-14 23:30:15,86.87544,13.13424
2020-03-15 00:00:15,86.87464,13.10614
2020-03-15 00:30:14,86.87391,13.07844
2020-03-15 01:00:15,86.87315,13.0513
2020-03-15 01:30:15,86.87227,13.02379
2020-03-15 02:00:15,86.87125,12.99568
2020-03-15 02:30:14,86.87022,12.96822
2020-03-15 03:00:15,86.86908,12.94084
2020-03-15 03:30:14,86.86784,12.91311
2020-03-15 04:00:14,86.86649,12.88485
2020-03-15 04:30:15,86.86514,12.8569
2020-03-15 05:00:14,86.86377,12.83021
2020-03-15 05:30:15,86.86239,12.80422
2020-03-15 06:00:15,86.86098,12.77793
2020-03-15 06:30:14,86.8596,12.74996
2020-03-15 07:00:15,86.85822,12.72009
2020-03-15 07:30:15,86.85684,12.68769
2020-03-15 08:00:15,86.85515,12.651
2020-03-15 08:30:14,86.85275,12.59965
2020-03-15 09:00:15,86.85005,12.53936
2020-03-15 09:30:15,86.84718,12.47081
2020-03-15 10:00:14,86.84424,12.39618
2020-03-15 10:30:15,86.84129,12.31857
2020-03-15 11:00:15,86.83841,12.2394
2020-03-15 11:30:14,86.83537,12.15762
2020-03-15 12:00:15,86.83231,12.07453
2020-03-15 12:30:14,86.82913,11.99199
2020-03-15 13:00:14,86.82594,11.90918
2020-03-15 13:30:15,86.82276,11.82522
2020-03-15 14:00:14,86.81961,11.74021
2020-03-15 14:30:15,86.81651,11.65462
2020-03-15 15:00:15,86.81347,11.5705
2020-03-15 15:30:14,86.81046,11.48864
2020-03-15 16:00:15,86.80746,11.41061
2020-03-15 16:30:15,86.80444,11.33822
2020-03-15 17:00:14,86.80119,11.27226
2020-03-15 17:30:15,86.79785,11.20876
2020-03-15 18:00:15,86.79449,11.14776
2020-03-15 18:30:15,86.79108,11.09227
2020-03-15 19:00:14,86.7874,11.04033
2020-03-15 19:30:15,86.7836,10.98965
2020-03-15 20:00:15,86.77966,10.93959
2020-03-15 20:30:14,86.77559,10.8891
2020-03-15 21:00:15,86.77137,10.83931
2020-03-15 21:30:14,86.76708,10.78975
2020-03-15 22:00:14,86.7627,10.73948
2020-03-15 22:30:15,86.75835,10.68756
2020-03-15 23:00:14,86.75403,10.63327
2020-03-15 23:30:15,86.7498,10.57644
2020-03-16 00:00:15,86.74565,10.51874
2020-03-16 00:30:14,86.74151,10.4647
2020-03-16 01:00:15,86.7375,10.40981
2020-03-16 01:30:15,86.73363,10.35696
2020-03-16 02:00:15,86.72981,10.30573
2020-03-16 02:30:14,86.72612,10.25758
2020-03-16 03:00:15,86.7225,10.2114
2020-03-16 03:30:15,86.71893,10.16883
2020-03-16 04:00:14,86.71548,10.1288
2020-03-16 04:30:15,86.71204,10.09273
2020-03-16 05:00:14,86.70863,10.05953
2020-03-16 05:30:14,86.70517,10.03163
2020-03-16 06:00:15,86.7016,10.00789
2020-03-16 06:30:14,86.69807,9.98886
2020-03-16 07:00:14,86.6945,9.97263
2020-03-16 07:30:15,86.69076,9.95778
2020-03-16 08:00:14,86.687,9.94292
2020-03-16 08:30:15,86.68317,9.92765
2020-03-16 09:00:15,86.67931,9.91107
2020-03-16 09:30:14,86.67544,9.89244
2020-03-16 10:00:15,86.67159,9.87221
2020-03-16 10:30:15,86.66772,9.85005
2020-03-16 11:00:15,86.66388,9.82633
2020-03-16 11:30:14,86.66005,9.80095
2020-03-16 12:00:15,86.65627,9.7752
2020-03-16 12:30:15,86.65253,9.74931
2020-03-16 13:00:14,86.64883,9.72282
2020-03-16 13:30:15,86.64521,9.69538
2020-03-16 14:00:14,86.64161,9.66886
2020-03-16 14:30:14,86.63812,9.64293
2020-03-16 15:00:15,86.6347,9.61776
2020-03-16 15:30:14,86.63142,9.59388
2020-03-16 16:00:15,86.62824,9.57195
2020-03-16 16:30:15,86.62516,9.55214
2020-03-16 17:00:14,86.62215,9.53583
2020-03-16 17:30:15,86.61926,9.52199
2020-03-16 18:00:15,86.61646,9.50978
2020-03-16 18:30:14,86.61372,9.49977
2020-03-16 19:00:15,86.61091,9.49161
2020-03-16 19:30:15,86.60809,9.48415
2020-03-16 20:00:15,86.60529,9.47727
2020-03-16 20:30:14,86.60252,9.47044
2020-03-16 21:00:15,86.59978,9.46326
2020-03-16 21:30:15,86.59704,9.45549
2020-03-16 22:00:14,86.59431,9.44689
2020-03-16 22:30:15,86.59153,9.43747
2020-03-16 23:00:14,86.58875,9.42669
2020-03-16 23:30:14,86.58598,9.415
2020-03-17 00:00:15,86.58324,9.40224
2020-03-17 00:30:14,86.58051,9.38854
2020-03-17 01:00:15,86.5778,9.37406
2020-03-17 01:30:15,86.57521,9.35958
2020-03-17 02:00:14,86.57273,9.34484
2020-03-17 02:30:15,86.57037,9.33057
2020-03-17 03:00:15,86.56809,9.31716
2020-03-17 03:30:15,86.56592,9.30505
2020-03-17 04:00:14,86.56381,9.2944
2020-03-17 04:30:15,86.56178,9.2855
2020-03-17 05:00:15,86.55976,9.27841
2020-03-17 05:30:14,86.55782,9.27269
2020-03-17 06:00:15,86.55588,9.26858
2020-03-17 06:30:14,86.55397,9.26564
2020-03-17 07:00:14,86.55206,9.2633
2020-03-17 07:30:15,86.55015,9.2615
2020-03-17 08:00:14,86.54821,9.25959
2020-03-17 08:30:15,86.54624,9.25758
2020-03-17 09:00:15,86.54423,9.25552
2020-03-17 09:30:14,86.54218,9.25251
2020-03-17 10:00:15,86.54007,9.24807
2020-03-17 10:30:15,86.53797,9.24245
2020-03-17 11:00:15,86.53583,9.23592
2020-03-17 11:30:14,86.53362,9.22824
2020-03-17 12:00:15,86.53144,9.21946
2020-03-17 12:30:15,86.52929,9.21046
2020-03-17 13:00:14,86.52712,9.20111
2020-03-17 13:30:15,86.52497,9.19105
2020-03-17 14:00:14,86.52287,9.18075
2020-03-17 14:30:14,86.52085,9.17075
2020-03-17 15:00:15,86.51888,9.16163
2020-03-17 15:30:14,86.51696,9.15363
2020-03-17 16:00:15,86.51509,9.14653
2020-03-17 16:30:15,86.51327,9.14069
2020-03-17 17:00:14,86.51145,9.13638
2020-03-17 17:30:15,86.50961,9.13358
2020-03-17 18:00:15,86.50776,9.13144
2020-03-17 18:30:15,86.50585,9.13002
2020-03-17 19:00:14,86.50392,9.12985
2020-03-17 19:30:15,86.50193,9.13023
2020-03-17 20:00:15,86.49992,9.13092
2020-03-17 20:30:14,86.49788,9.13188
2020-03-17 21:00:15,86.49584,9.1332
2020-03-17 21:30:14,86.49379,9.13428
2020-03-17 22:00:14,86.49172,9.13553
2020-03-17 22:30:15,86.48965,9.13665
2020-03-17 23:00:14,86.4875,9.1377
2020-03-17 23:30:15,86.48524,9.13874
2020-03-18 00:00:15,86.48296,9.13851
2020-03-18 00:30:14,86.48069,9.13743
2020-03-18 01:00:15,86.47845,9.13556
2020-03-18 01:30:15,86.4762,9.13355
2020-03-18 02:00:15,86.47403,9.13127
2020-03-18 02:30:14,86.47189,9.12866
2020-03-18 03:00:15,86.46977,9.12616
2020-03-18 03:30:15,86.4677,9.12361
2020-03-18 04:00:14,86.46565,9.12102
2020-03-18 04:30:15,86.46365,9.1196
2020-03-18 05:00:14,86.46166,9.11921
2020-03-18 05:30:14,86.45973,9.12008
2020-03-18 06:00:15,86.45781,9.12173
2020-03-18 06:30:14,86.45584,9.1239
2020-03-18 07:00:15,86.4539,9.12748
2020-03-18 07:30:15,86.45199,9.13226
2020-03-18 08:00:14,86.45003,9.13798
2020-03-18 08:30:15,86.44807,9.14386
2020-03-18 09:00:15,86.44607,9.14927
2020-03-18 09:30:15,86.44404,9.15463
2020-03-18 10:00:14,86.44199,9.15868
2020-03-18 10:30:15,86.43999,9.1617
2020-03-18 11:00:15,86.43797,9.1642
2020-03-18 11:30:14,86.436,9.16578
2020-03-18 12:00:15,86.434,9.1665
2020-03-18 12:30:14,86.43198,9.16622
2020-03-18 13:00:14,86.43002,9.16529
2020-03-18 13:30:15,86.42804,9.16351
2020-03-18 14:00:14,86.42612,9.16152
2020-03-18 14:30:15,86.42417,9.15989
2020-03-18 15:00:15,86.42221,9.15826
2020-03-18 15:30:14,86.4203,9.15603
2020-03-18 16:00:15,86.41839,9.15402
2020-03-18 16:30:15,86.41647,9.1523
2020-03-18 17:00:15,86.41452,9.15187
2020-03-18 17:30:14,86.41248,9.15311
2020-03-18 18:00:15,86.4104,9.15614
2020-03-18 18:30:14,86.40821,9.16121
2020-03-18 19:00:14,86.40598,9.16866
2020-03-18 19:30:15,86.40391,9.17952
2020-03-18 20:00:14,86.4016,9.19263
2020-03-18 20:30:15,86.39913,9.20845
2020-03-18 21:00:15,86.39658,9.22773
2020-03-18 21:30:14,86.39389,9.2494
2020-03-18 22:00:15,86.39114,9.27185
2020-03-18 22:30:15,86.38829,9.29407
2020-03-18 23:00:15,86.38547,9.31779
2020-03-18 23:30:14,86.38258,9.3431
2020-03-19 00:00:15,86.37962,9.36973
2020-03-19 00:30:15,86.37669,9.399
2020-03-19 01:00:14,86.37377,9.42974
2020-03-19 01:30:15,86.37083,9.46212
2020-03-19 02:00:14,86.36783,9.49726
2020-03-19 02:30:14,86.3648,9.53494
2020-03-19 03:00:15,86.36166,9.57611
2020-03-19 03:30:14,86.35845,9.61935
2020-03-19 04:00:15,86.35533,9.66413
2020-03-19 04:30:15,86.35226,9.71151
2020-03-19 05:00:14,86.34889,9.76059
2020-03-19 05:30:15,86.34536,9.80954
2020-03-19 06:00:15,86.34167,9.85801
2020-03-19 06:30:14,86.33771,9.90688
2020-03-19 07:00:15,86.33376,9.95509
2020-03-19 07:30:15,86.32974,10.00169
2020-03-19 08:00:15,86.32558,10.04602
2020-03-19 08:30:14,86.32133,10.08864
2020-03-19 09:00:15,86.31708,10.13024
2020-03-19 09:30:15,86.31281,10.17043
2020-03-19 10:00:14,86.3086,10.20873
2020-03-19 10:30:15,86.30437,10.24642
2020-03-19 11:00:14,86.30012,10.28373
2020-03-19 11:30:14,86.29585,10.32063
2020-03-19 12:00:15,86.29159,10.35683
2020-03-19 12:30:14,86.28722,10.39478
2020-03-19 13:00:15,86.28273,10.43397
2020-03-19 13:30:15,86.27825,10.47367
2020-03-19 14:00:14,86.27374,10.51488
2020-03-19 14:30:15,86.26919,10.55733
2020-03-19 15:00:15,86.2646,10.6014
2020-03-19 15:30:14,86.25995,10.64632
2020-03-19 16:00:15,86.25526,10.69122
2020-03-19 16:30:15,86.25053,10.73699
2020-03-19 17:00:15,86.24577,10.78314
2020-03-19 17:30:14,86.24105,10.8295
2020-03-19 18:00:15,86.23636,10.87549
2020-03-19 18:30:15,86.23158,10.92137
2020-03-19 19:00:14,86.22678,10.96692
2020-03-19 19:30:15,86.22195,11.01219
2020-03-19 20:00:14,86.2172,11.0577
2020-03-19 20:30:14,86.21241,11.10215
2020-03-19 21:00:15,86.2077,11.14687
2020-03-19 21:30:14,86.20311,11.19159
2020-03-19 22:00:15,86.19852,11.23454
2020-03-19 22:30:15,86.19393,11.27584
2020-03-19 23:00:14,86.1894,11.316
2020-03-19 23:30:15,86.18488,11.35432
2020-03-20 00:00:15,86.18037,11.39153
2020-03-20 00:30:14,86.17595,11.4284
2020-03-20 01:00:15,86.17156,11.46535
2020-03-20 01:30:15,86.16725,11.50187
2020-03-20 02:00:15,86.163,11.53813
2020-03-20 02:30:14,86.15878,11.57386
2020-03-20 03:00:15,86.15457,11.60858
2020-03-20 03:30:15,86.15034,11.64232
2020-03-20 04:00:14,86.14615,11.67469
2020-03-20 04:30:15,86.14201,11.70656
2020-03-20 05:00:14,86.13788,11.73857
2020-03-20 05:30:14,86.13379,11.76907
2020-03-20 06:00:15,86.12975,11.79776
2020-03-20 06:30:14,86.12576,11.82445
2020-03-20 07:00:14,86.12186,11.85082
2020-03-20 07:30:15,86.118,11.87514
2020-03-20 08:00:14,86.1143,11.89903
2020-03-20 08:30:15,86.11077,11.92262
2020-03-20 09:00:15,86.10731,11.94574
2020-03-20 09:30:14,86.10394,11.96821
2020-03-20 10:00:15,86.10059,11.98968
2020-03-20 10:30:15,86.09727,12.00946
2020-03-20 11:00:14,86.09393,12.02639
2020-03-20 11:30:15,86.09072,12.04062
2020-03-20 12:00:15,86.08769,12.05429
2020-03-20 12:30:15,86.0848,12.06354
2020-03-20 13:00:14,86.08199,12.07308
2020-03-20 13:30:15,86.07931,12.08335
2020-03-20 14:00:15,86.0768,12.09427
2020-03-20 14:30:14,86.07432,12.10444
2020-03-20 15:00:15,86.07195,12.11366
2020-03-20 15:30:14,86.06963,12.12429
2020-03-20 16:00:14,86.06732,12.13498
2020-03-20 16:30:15,86.06503,12.1439
2020-03-20 17:00:14,86.06276,12.15311
2020-03-20 17:30:14,86.06056,12.1627
2020-03-20 18:00:15,86.05839,12.17288
2020-03-20 18:30:14,86.05625,12.18387
2020-03-20 19:00:15,86.05416,12.19575
2020-03-20 19:30:15,86.05212,12.20819
2020-03-20 20:00:14,86.05013,12.22046
2020-03-20 20:30:15,86.04817,12.23273
2020-03-20 21:00:15,86.0463,12.24586
2020-03-20 21:30:15,86.04448,12.25914
2020-03-20 22:00:14,86.04268,12.27223
2020-03-20 22:30:15,86.04092,12.28529
2020-03-20 23:00:15,86.03933,12.29726
2020-03-20 23:30:14,86.03792,12.30777
2020-03-21 00:00:15,86.03671,12.31792
2020-03-21 00:30:14,86.0356,12.32799
2020-03-21 01:00:14,86.03458,12.33765
2020-03-21 01:30:15,86.03372,12.3471
2020-03-21 02:00:14,86.03299,12.35701
2020-03-21 02:30:14,86.03221,12.3667
2020-03-21 03:00:15,86.03143,12.37592
2020-03-21 03:30:14,86.03071,12.38632
2020-03-21 04:00:15,86.03,12.39767
2020-03-21 04:30:15,86.0292,12.40829
2020-03-21 05:00:14,86.02839,12.41923
2020-03-21 05:30:15,86.0275,12.43017
2020-03-21 06:00:15,86.02657,12.4411
2020-03-21 06:30:15,86.02567,12.45195
2020-03-21 07:00:14,86.0247,12.46248
2020-03-21 07:30:15,86.02376,12.47322
2020-03-21 08:00:15,86.02276,12.48317
2020-03-21 08:30:14,86.02185,12.494
2020-03-21 09:00:15,86.02104,12.50561
2020-03-21 09:30:14,86.02028,12.51582
2020-03-21 10:00:14,86.01952,12.52579
2020-03-21 10:30:15,86.01876,12.53591
2020-03-21 11:00:14,86.01812,12.54629
2020-03-21 11:30:15,86.01749,12.55708
2020-03-21 12:00:15,86.01696,12.56812
2020-03-21 12:30:14,86.01646,12.57968
2020-03-21 13:00:15,86.01598,12.59155
2020-03-21 13:30:15,86.0155,12.6035
2020-03-21 14:00:15,86.01505,12.61623
2020-03-21 14:30:14,86.01455,12.62953
2020-03-21 15:00:15,86.01398,12.64327
2020-03-21 15:30:15,86.01334,12.6567
2020-03-21 16:00:14,86.01268,12.66975
2020-03-21 16:30:15,86.01192,12.68298
2020-03-21 17:00:14,86.01112,12.69604
2020-03-21 17:30:14,86.01031,12.70873
2020-03-21 18:00:15,86.00944,12.72128
2020-03-21 18:30:14,86.00854,12.7337
2020-03-21 19:00:15,86.00764,12.74609
2020-03-21 19:30:15,86.00674,12.75805
2020-03-21 20:00:14,86.00585,12.76989
2020-03-21 20:30:15,86.00499,12.78151
2020-03-21 21:00:15,86.00414,12.79268
2020-03-21 21:30:14,86.00333,12.80365
2020-03-21 22:00:15,86.00252,12.81494
2020-03-21 22:30:15,86.00177,12.82615
2020-03-21 23:00:15,86.00105,12.83718
2020-03-21 23:30:14,86.00037,12.84796
2020-03-22 00:00:15,85.9997,12.85825
2020-03-22 00:30:15,85.99907,12.86834
2020-03-22 01:00:14,85.99844,12.87811
2020-03-22 01:30:15,85.99784,12.8879
2020-03-22 02:00:14,85.99725,12.89738
2020-03-22 02:30:14,85.99668,12.90681
2020-03-22 03:00:15,85.99612,12.91633
2020-03-22 03:30:14,85.99563,12.92575
2020-03-22 04:00:15,85.99515,12.93539
2020-03-22 04:30:15,85.99472,12.94524
2020-03-22 05:00:14,85.99429,12.9543
2020-03-22 05:30:15,85.99381,12.96239
2020-03-22 06:00:15,85.99329,12.96999
2020-03-22 06:30:15,85.99278,12.97693
2020-03-22 07:00:14,85.99231,12.98352
2020-03-22 07:30:15,85.99184,12.98971
2020-03-22 08:00:15,85.9914,12.99521
2020-03-22 08:30:14,85.99097,13.00035
2020-03-22 09:00:15,85.99057,13.00558
2020-03-22 09:30:14,85.99024,13.01045
2020-03-22 10:00:14,85.98991,13.01532
2020-03-22 10:30:15,85.98962,13.02019
2020-03-22 11:00:14,85.98937,13.02502
2020-03-22 11:30:15,85.98914,13.02985
2020-03-22 12:00:15,85.98895,13.03463
2020-03-22 12:30:14,85.98875,13.03984
2020-03-22 13:00:15,85.98857,13.04541
2020-03-22 13:30:15,85.98844,13.05107
2020-03-22 14:00:15,85.98828,13.0575
2020-03-22 14:30:14,85.98817,13.06338
2020-03-22 15:00:15,85.98808,13.06892
2020-03-22 15:30:15,85.98796,13.0755
2020-03-22 16:00:14,85.98791,13.08076
2020-03-22 16:30:15,85.98782,13.08515
2020-03-22 17:00:14,85.9876,13.09007
2020-03-22 17:30:14,85.98741,13.09441
2020-03-22 18:00:15,85.98721,13.099
2020-03-22 18:30:14,85.98695,13.10242
2020-03-22 19:00:15,85.98666,13.10517
2020-03-22 19:30:15,85.98637,13.10674
2020-03-22 20:00:14,85.98611,13.10826
2020-03-22 20:30:15,85.98572,13.10997
2020-03-22 21:00:15,85.98532,13.11019
2020-03-22 21:30:15,85.98486,13.10988
2020-03-22 22:00:14,85.98447,13.109
2020-03-22 22:30:15,85.98399,13.10816
2020-03-22 23:00:15,85.98347,13.10675
2020-03-22 23:30:14,85.98295,13.10544
2020-03-23 00:00:15,85.98249,13.10565
2020-03-23 00:30:14,85.98206,13.10633
2020-03-23 01:00:14,85.98154,13.10477
2020-03-23 01:30:15,85.98106,13.10341
2020-03-23 02:00:14,85.98065,13.10253
2020-03-23 02:30:15,85.98022,13.10096
2020-03-23 03:00:15,85.97981,13.10123
2020-03-23 03:30:15,85.97937,13.09874
2020-03-23 04:00:14,85.97885,13.09544
2020-03-23 04:30:15,85.97826,13.09124
2020-03-23 05:00:15,85.97764,13.08647
2020-03-23 05:30:14,85.97697,13.08133
2020-03-23 06:00:15,85.97632,13.07546
2020-03-23 06:30:14,85.97575,13.07028
2020-03-23 07:00:14,85.97517,13.06592
2020-03-23 07:30:15,85.97461,13.06232
2020-03-23 08:00:14,85.97401,13.05851
2020-03-23 08:30:15,85.97344,13.05578
2020-03-23 09:00:15,85.97286,13.05369
2020-03-23 09:30:15,85.97234,13.05198
2020-03-23 10:00:14,85.97189,13.05106
2020-03-23 10:30:15,85.97148,13.05073
2020-03-23 11:00:15,85.97107,13.05055
2020-03-23 11:30:14,85.97065,13.05011
2020-03-23 12:00:15,85.97022,13.04954
2020-03-23 12:30:14,85.96986,13.04897
2020-03-23 13:00:14,85.96961,13.04859
2020-03-23 13:30:15,85.96933,13.04827
2020-03-23 14:00:14,85.96909,13.04797
2020-03-23 14:30:15,85.96883,13.04772
2020-03-23 15:00:15,85.96857,13.04749
2020-03-23 15:30:14,85.96829,13.04679
2020-03-23 16:00:15,85.96797,13.04598
2020-03-23 16:30:15,85.96761,13.04479
2020-03-23 17:00:15,85.96722,13.0427
2020-03-23 17:30:14,85.96674,13.04031
2020-03-23 18:00:15,85.96622,13.03663
2020-03-23 18:30:15,85.96569,13.03338
2020-03-23 19:00:14,85.96513,13.02979
2020-03-23 19:30:15,85.96458,13.02582
2020-03-23 20:00:14,85.964,13.02127
2020-03-23 20:30:15,85.96337,13.0166
2020-03-23 21:00:15,85.96271,13.0123
2020-03-23 21:30:14,85.96212,13.00758
2020-03-23 22:00:15,85.96164,13.00199
2020-03-23 22:30:15,85.96114,12.99625
2020-03-23 23:00:15,85.96066,12.99144
2020-03-23 23:30:14,85.96023,12.98647
2020-03-24 00:00:15,85.95979,12.98192
2020-03-24 00:30:15,85.9593,12.97819
2020-03-24 01:00:14,85.95886,12.97512
2020-03-24 01:30:15,85.95847,12.97243
2020-03-24 02:00:14,85.95812,12.96961
2020-03-24 02:30:15,85.95777,12.96681
2020-03-24 03:00:15,85.95744,12.9642
2020-03-24 03:30:14,85.95711,12.96066
2020-03-24 04:00:15,85.95676,12.95726
2020-03-24 04:30:15,85.95638,12.95328
2020-03-24 05:00:15,85.956,12.9491
2020-03-24 05:30:14,85.95561,12.94479
2020-03-24 06:00:15,85.95522,12.93973
2020-03-24 06:30:14,85.95477,12.93396
2020-03-24 07:00:14,85.95438,12.92717
2020-03-24 07:30:15,85.95397,12.92011
2020-03-24 08:00:14,85.95352,12.91148
2020-03-24 08:30:15,85.953,12.90178
2020-03-24 09:00:15,85.95244,12.88936
2020-03-24 09:30:14,85.95184,12.87669
2020-03-24 10:00:15,85.9512,12.86327
2020-03-24 10:30:15,85.95051,12.84986
2020-03-24 11:00:15,85.94978,12.83572
2020-03-24 11:30:14,85.94907,12.82057
2020-03-24 12:00:15,85.94832,12.80389
2020-03-24 12:30:14,85.94752,12.78597
2020-03-24 13:00:14,85.94666,12.76735
2020-03-24 13:30:15,85.94572,12.74819
2020-03-24 14:00:14,85.94471,12.72906
2020-03-24 14:30:15,85.94365,12.70997
2020-03-24 15:00:15,85.94263,12.6899
2020-03-24 15:30:14,85.94152,12.66974
2020-03-24 16:00:15,85.9404,12.64896
2020-03-24 16:30:15,85.93919,12.62936
2020-03-24 17:00:15,85.93797,12.60828
2020-03-24 17:30:14,85.93658,12.58726
2020-03-24 18:00:15,85.93517,12.56557
2020-03-24 18:30:14,85.93365,12.54239
2020-03-24 19:00:14,85.93203,12.51747
2020-03-24 19:30:15,85.93044,12.49082
2020-03-24 20:00:14,85.92873,12.46302
2020-03-24 20:30:15,85.9268,12.43547
2020-03-24 21:00:15,85.92484,12.40714
2020-03-24 21:30:14,85.9228,12.37784
2020-03-24 22:00:15,85.92067,12.34878
2020-03-24 22:30:15,85.91845,12.31966
2020-03-24 23:00:15,85.91624,12.28977
2020-03-24 23:30:14,85.914,12.26056
2020-03-25 00:00:15,85.91177,12.2305
2020-03-25 00:30:15,85.90945,12.20088
2020-03-25 01:00:14,85.90714,12.17119
2020-03-25 01:30:15,85.90487,12.14088
2020-03-25 02:00:14,85.90259,12.10969
2020-03-25 02:30:15,85.90036,12.07799
2020-03-25 03:00:15,85.89801,12.04803
2020-03-25 03:30:14,85.89571,12.01607
2020-03-25 04:00:15,85.89337,11.98549
2020-03-25 04:30:15,85.89101,11.95459
2020-03-25 05:00:15,85.88863,11.9221
2020-03-25 05:30:14,85.88616,11.88948
2020-03-25 06:00:15,85.88358,11.85597
2020-03-25 06:30:15,85.88091,11.82283
2020-03-25 07:00:14,85.87827,11.7865
2020-03-25 07:30:15,85.87566,11.74984
2020-03-25 08:00:14,85.87299,11.71189
2020-03-25 08:30:14,85.87042,11.67272
2020-03-25 09:00:15,85.86774,11.63678
2020-03-25 09:30:14,85.86494,11.60027
2020-03-25 10:00:15,85.86212,11.56579
2020-03-25 10:30:15,85.85941,11.53138
2020-03-25 11:00:14,85.85674,11.4966
2020-03-25 11:30:15,85.85408,11.46185
2020-03-25 12:00:15,85.85153,11.42692
2020-03-25 12:30:14,85.84903,11.39311
2020-03-25 13:00:15,85.84653,11.36077
2020-03-25 13:30:15,85.84404,11.32984
2020-03-25 14:00:15,85.84165,11.30129
2020-03-25 14:30:14,85.83929,11.27464
2020-03-25 15:00:15,85.83694,11.24947
2020-03-25 15:30:15,85.83456,11.22401
2020-03-25 16:00:14,85.83216,11.19906
2020-03-25 16:30:15,85.8298,11.17564
2020-03-25 17:00:14,85.82744,11.15276
2020-03-25 17:30:14,85.82505,11.13157
2020-03-25 18:00:15,85.82265,11.11062
2020-03-25 18:30:14,85.82023,11.08986
2020-03-25 19:00:15,85.81776,11.06888
2020-03-25 19:30:15,85.81535,11.04818
2020-03-25 20:00:14,85.81293,11.02801
2020-03-25 20:30:15,85.81053,11.00837
2020-03-25 21:00:15,85.80811,10.98895
2020-03-25 21:30:15,85.80568,10.97015
2020-03-25 22:00:14,85.80325,10.9521
2020-03-25 22:30:15,85.80081,10.93501
2020-03-25 23:00:15,85.79839,10.91893
2020-03-25 23:30:14,85.79597,10.90404
2020-03-26 00:00:15,85.79359,10.89002
2020-03-26 00:30:14,85.79123,10.87718
2020-03-26 01:00:14,85.78886,10.86544
2020-03-26 01:30:15,85.78651,10.85449
2020-03-26 02:00:14,85.78417,10.8444
2020-03-26 02:30:15,85.78188,10.8355
2020-03-26 03:00:15,85.7796,10.82731
2020-03-26 03:30:14,85.77736,10.81954
2020-03-26 04:00:15,85.77513,10.81205
2020-03-26 04:30:15,85.77288,10.80492
2020-03-26 05:00:15,85.77064,10.79819
2020-03-26 05:30:14,85.76833,10.79215
2020-03-26 06:00:15,85.76591,10.78671
2020-03-26 06:30:15,85.7634,10.78236
2020-03-26 07:00:14,85.7609,10.7787
2020-03-26 07:30:15,85.75835,10.77544
2020-03-26 08:00:14,85.75576,10.77249
2020-03-26 08:30:14,85.75312,10.7694
2020-03-26 09:00:15,85.75045,10.76573
2020-03-26 09:30:14,85.74777,10.76153
2020-03-26 10:00:15,85.74506,10.75767
2020-03-26 10:30:15,85.74228,10.75455
2020-03-26 11:00:14,85.73946,10.75224
2020-03-26 11:30:15,85.73664,10.75039
2020-03-26 12:00:15,85.73377,10.74971
2020-03-26 12:30:15,85.73095,10.75014
2020-03-26 13:00:14,85.72812,10.75115
2020-03-26 13:30:15,85.7253,10.75287
2020-03-26 14:00:15,85.7225,10.75562
2020-03-26 14:30:14,85.71972,10.75898
2020-03-26 15:00:15,85.71696,10.76263
2020-03-26 15:30:14,85.71421,10.76671
2020-03-26 16:00:14,85.71146,10.77051
2020-03-26 16:30:15,85.70872,10.77473
2020-03-26 17:00:14,85.70596,10.77882
2020-03-26 17:30:15,85.70319,10.78317
2020-03-26 18:00:15,85.70035,10.78821
2020-03-26 18:30:14,85.6974,10.79349
2020-03-26 19:00:15,85.6944,10.79875
2020-03-26 19:30:15,85.69131,10.80379
2020-03-26 20:00:15,85.68817,10.80891
2020-03-26 20:30:14,85.685,10.8144
2020-03-26 21:00:15,85.68171,10.82054
2020-03-26 21:30:15,85.67832,10.82737
2020-03-26 22:00:14,85.67484,10.83462
2020-03-26 22:30:15,85.67124,10.84225
2020-03-26 23:00:14,85.66757,10.84996
2020-03-26 23:30:14,85.66386,10.85776
2020-03-27 00:00:15,85.66004,10.86625
2020-03-27 00:30:14,85.65617,10.87531
2020-03-27 01:00:15,85.65234,10.88429
2020-03-27 01:30:15,85.6486,10.893
2020-03-27 02:00:14,85.64494,10.90102
2020-03-27 02:30:15,85.64132,10.90943
2020-03-27 03:00:15,85.6377,10.91844
2020-03-27 03:30:15,85.63415,10.92749
2020-03-27 04:00:14,85.63073,10.93653
2020-03-27 04:30:15,85.62744,10.94493
2020-03-27 05:00:15,85.62427,10.95362
2020-03-27 05:30:14,85.62106,10.96379
2020-03-27 06:00:15,85.61778,10.97541
2020-03-27 06:30:14,85.6144,10.98819
2020-03-27 07:00:14,85.61086,11.00197
2020-03-27 07:30:15,85.60709,11.01717
2020-03-27 08:00:14,85.60324,11.0325
2020-03-27 08:30:15,85.59925,11.04762
2020-03-27 09:00:15,85.59506,11.06249
2020-03-27 09:30:14,85.59068,11.07673
2020-03-27 10:00:15,85.58605,11.09038
2020-03-27 10:30:15,85.58132,11.10245
2020-03-27 11:00:15,85.57647,11.11331
2020-03-27 11:30:14,85.57146,11.12354
2020-03-27 12:00:15,85.56638,11.13292
2020-03-27 12:30:15,85.56128,11.14159
2020-03-27 13:00:14,85.55618,11.14973
2020-03-27 13:30:15,85.55106,11.15763
2020-03-27 14:00:14,85.54589,11.16533
2020-03-27 14:30:14,85.5407,11.17324
2020-03-27 15:00:15,85.53547,11.18217
2020-03-27 15:30:14,85.53016,11.19169
2020-03-27 16:00:15,85.52477,11.20148
2020-03-27 16:30:15,85.51939,11.21037
2020-03-27 17:00:14,85.51407,11.21986
2020-03-27 17:30:15,85.50876,11.22926
2020-03-27 18:00:15,85.5034,11.23832
2020-03-27 18:30:15,85.49802,11.24684
2020-03-27 19:00:14,85.49253,11.25557
2020-03-27 19:30:15,85.48698,11.26423
2020-03-27 20:00:15,85.48129,11.27197
2020-03-27 20:30:14,85.47556,11.27888
2020-03-27 21:00:15,85.4697,11.28504
2020-03-27 21:30:14,85.46384,11.28897
2020-03-27 22:00:14,85.45788,11.29298
2020-03-27 22:30:15,85.45187,11.29682
2020-03-27 23:00:14,85.44587,11.29988
2020-03-27 23:30:15,85.43983,11.30183
2020-03-28 00:00:15,85.43391,11.30299
2020-03-28 00:30:14,85.42812,11.30395
2020-03-28 01:00:15,85.42251,11.30527
2020-03-28 01:30:15,85.41702,11.30785
2020-03-28 02:00:15,85.41156,11.31122
2020-03-28 02:30:14,85.4062,11.31444
2020-03-28 03:00:15,85.40091,11.31758
2020-03-28 03:30:15,85.39574,11.32205
2020-03-28 04:00:14,85.39066,11.32717
2020-03-28 04:30:15,85.38556,11.33132
2020-03-28 05:00:14,85.38053,11.33474
2020-03-28 05:30:14,85.3755,11.33773
2020-03-28 06:00:15,85.37042,11.34052
2020-03-28 06:30:14,85.36521,11.34174
2020-03-28 07:00:15,85.36,11.34339
2020-03-28 07:30:15,85.35474,11.34476
2020-03-28 08:00:14,85.3495,11.34487
2020-03-28 08:30:15,85.34422,11.34448
2020-03-28 09:00:15,85.33894,11.34315
2020-03-28 09:30:15,85.33371,11.34074
2020-03-28 10:00:14,85.32845,11.33801
2020-03-28 10:30:15,85.32321,11.3348
2020-03-28 11:00:15,85.31799,11.33109
2020-03-28 11:30:14,85.31281,11.32712
2020-03-28 12:00:15,85.30775,11.32349
2020-03-28 12:30:14,85.3028,11.3206
2020-03-28 13:00:14,85.29794,11.31996
2020-03-28 13:30:15,85.2932,11.32116
2020-03-28 14:00:14,85.28857,11.3234
2020-03-28 14:30:15,85.28408,11.32662
2020-03-28 15:00:15,85.27975,11.3318
2020-03-28 15:30:14,85.27557,11.33871
2020-03-28 16:00:15,85.27148,11.34706
2020-03-28 16:30:15,85.26741,11.35545
2020-03-28 17:00:15,85.26343,11.36465
2020-03-28 17:30:14,85.25949,11.37374
2020-03-28 18:00:15,85.25558,11.3829
2020-03-28 18:30:15,85.25169,11.39181
2020-03-28 19:00:14,85.24788,11.40091
2020-03-28 19:30:15,85.24406,11.40938
2020-03-28 20:00:14,85.24024,11.41779
2020-03-28 20:30:14,85.23644,11.42557
2020-03-28 21:00:15,85.2327,11.43256
2020-03-28 21:30:14,85.22897,11.43877
2020-03-28 22:00:15,85.22517,11.44355
2020-03-28 22:30:15,85.22141,11.44875
2020-03-28 23:00:14,85.21777,11.45511
2020-03-28 23:30:15,85.21421,11.46213
2020-03-29 00:00:15,85.21064,11.46837
2020-03-29 00:30:15,85.20715,11.47517
2020-03-29 01:00:14,85.20379,11.48243
2020-03-29 01:30:15,85.20046,11.49054
2020-03-29 02:00:15,85.19723,11.49856
2020-03-29 02:30:14,85.19402,11.50673
2020-03-29 03:00:15,85.19086,11.51521
2020-03-29 03:30:14,85.18769,11.52347
2020-03-29 04:00:14,85.18446,11.53091
2020-03-29 04:30:15,85.18125,11.53798
2020-03-29 05:00:14,85.17811,11.54468
2020-03-29 05:30:15,85.17501,11.55084
2020-03-29 06:00:15,85.172,11.55694
2020-03-29 06:30:14,85.16908,11.56328
2020-03-29 07:00:15,85.16613,11.56896
2020-03-29 07:30:15,85.16317,11.57298
2020-03-29 08:00:15,85.16022,11.57721
2020-03-29 08:30:14,85.1573,11.5802
2020-03-29 09:00:15,85.15445,11.58156
2020-03-29 09:30:15,85.15161,11.58226
2020-03-29 10:00:14,85.14877,11.58245
2020-03-29 10:30:15,85.146,11.58318
2020-03-29 11:00:14,85.14324,11.58431
2020-03-29 11:30:14,85.14046,11.58584
2020-03-29 12:00:15,85.1377,11.58747
2020-03-29 12:30:14,85.1349,11.58782
2020-03-29 13:00:15,85.13216,11.58659
2020-03-29 13:30:15,85.12949,11.58547
2020-03-29 14:00:14,85.12687,11.58422
2020-03-29 14:30:15,85.12436,11.58354
2020-03-29 15:00:15,85.12206,11.58354
2020-03-29 15:30:15,85.11987,11.58355
2020-03-29 16:00:14,85.11777,11.58371
2020-03-29 16:30:15,85.11578,11.58322
2020-03-29 17:00:15,85.11382,11.5828
2020-03-29 17:30:14,85.11189,11.58314
2020-03-29 18:00:15,85.11002,11.58272
2020-03-29 18:30:14,85.1084,11.58321
2020-03-29 19:00:14,85.10681,11.58289
2020-03-29 19:30:15,85.10537,11.58329
2020-03-29 20:00:14,85.10408,11.5836
2020-03-29 20:30:15,85.10292,11.5834
2020-03-29 21:00:15,85.10183,11.58302
2020-03-29 21:30:14,85.10088,11.5827
2020-03-29 22:00:15,85.1,11.58212
2020-03-29 22:30:15,85.09925,11.58205
2020-03-29 23:00:15,85.09857,11.58197
2020-03-29 23:30:14,85.09792,11.58179
2020-03-30 00:00:15,85.09734,11.58139
2020-03-30 00:30:15,85.09684,11.58095
2020-03-30 01:00:14,85.09637,11.58086
2020-03-30 01:30:15,85.0958,11.58028
2020-03-30 02:00:14,85.09522,11.57969
2020-03-30 02:30:14,85.0947,11.5792
2020-03-30 03:00:15,85.09432,11.5791
2020-03-30 03:30:14,85.09415,11.57945
2020-03-30 04:00:15,85.09409,11.57984
2020-03-30 04:30:15,85.09395,11.58072
2020-03-30 05:00:14,85.09381,11.58162
2020-03-30 05:30:15,85.0937,11.5826
2020-03-30 06:00:15,85.09365,11.58366
2020-03-30 06:30:15,85.09364,11.58499
2020-03-30 07:00:14,85.09361,11.5862
2020-03-30 07:30:15,85.0936,11.58756
2020-03-30 08:00:15,85.09352,11.58974
2020-03-30 08:30:14,85.09333,11.59249
2020-03-30 09:00:15,85.09316,11.59505
2020-03-30 09:30:14,85.09295,11.59781
2020-03-30 10:00:15,85.09269,11.60054
2020-03-30 10:30:15,85.09248,11.60365
2020-03-30 11:00:14,85.0922,11.6067
2020-03-30 11:30:15,85.09193,11.60917
2020-03-30 12:00:15,85.09161,11.61208
2020-03-30 12:30:15,85.09138,11.61582
2020-03-30 13:00:14,85.09113,11.62024
2020-03-30 13:30:15,85.09085,11.62612
2020-03-30 14:00:15,85.09051,11.63275
2020-03-30 14:30:14,85.09003,11.63974
2020-03-30 15:00:15,85.08948,11.64738
2020-03-30 15:30:14,85.08903,11.65518
2020-03-30 16:00:14,85.08856,11.66389
2020-03-30 16:30:15,85.08796,11.67342
2020-03-30 17:00:14,85.08746,11.68259
2020-03-30 17:30:15,85.08696,11.69214
2020-03-30 18:00:15,85.08649,11.70273
2020-03-30 18:30:14,85.086,11.71349
2020-03-30 19:00:15,85.0854,11.72472
2020-03-30 19:30:15,85.08468,11.73625
2020-03-30 20:00:15,85.08377,11.74815
2020-03-30 20:30:14,85.08273,11.75952
2020-03-30 21:00:15,85.08161,11.7707
2020-03-30 21:30:15,85.08029,11.78129
2020-03-30 22:00:14,85.07881,11.79121
2020-03-30 22:30:15,85.07735,11.80196
2020-03-30 23:00:14,85.07588,11.81274
2020-03-30 23:30:15,85.07436,11.82392
2020-03-31 00:00:15,85.07291,11.83593
2020-03-31 00:30:14,85.07148,11.84793
2020-03-31 01:00:15,85.06992,11.8608
2020-03-31 01:30:15,85.06828,11.87494
2020-03-31 02:00:15,85.06654,11.89113
2020-03-31 02:30:14,85.06467,11.90896
2020-03-31 03:00:15,85.06274,11.92753
2020-03-31 03:30:15,85.06076,11.94629
2020-03-31 04:00:14,85.0588,11.96477
2020-03-31 04:30:15,85.05687,11.98379
2020-03-31 05:00:14,85.05499,12.00442
2020-03-31 05:30:14,85.05312,12.02699
2020-03-31 06:00:15,85.05125,12.05095
2020-03-31 06:30:14,85.04935,12.07628
2020-03-31 07:00:15,85.04733,12.1018
2020-03-31 07:30:15,85.04528,12.12866
2020-03-31 08:00:15,85.04314,12.15595
2020-03-31 08:30:14,85.04093,12.18391
2020-03-31 09:00:15,85.03864,12.21243
2020-03-31 09:30:15,85.0361,12.24069
2020-03-31 10:00:14,85.03339,12.2686
2020-03-31 10:30:15,85.03052,12.29699
2020-03-31 11:00:14,85.02763,12.3258
2020-03-31 11:30:14,85.02449,12.35512
2020-03-31 12:00:15,85.02117,12.38528
2020-03-31 12:30:14,85.0178,12.41572
2020-03-31 13:00:15,85.01436,12.44637
2020-03-31 13:30:15,85.01096,12.47737
2020-03-31 14:00:14,85.00755,12.50881
2020-03-31 14:30:15,85.00414,12.5403
2020-03-31 15:00:15,85.00076,12.57239
2020-03-31 15:30:15,84.99729,12.60489
2020-03-31 16:00:14,84.99385,12.63789
2020-03-31 16:30:15,84.99039,12.67188
2020-03-31 17:00:15,84.98693,12.7067
2020-03-31 17:30:14,84.98357,12.7423
2020-03-31 18:00:15,84.98016,12.77923
2020-03-31 18:30:14,84.97684,12.81726
2020-03-31 19:00:14,84.97353,12.85615
2020-03-31 19:30:15,84.97002,12.896
2020-03-31 20:00:14,84.96665,12.93659
2020-03-31 20:30:15,84.963,12.9789
2020-03-31 21:00:15,84.9593,13.02233
2020-03-31 21:30:14,84.95554,13.06664
2020-03-31 22:00:15,84.95171,13.11234
2020-03-31 22:30:15,84.94776,13.15786
2020-03-31 23:00:15,84.94364,13.20198
2020-03-31 23:30:14,84.93945,13.24524
2020-04-01 00:00:15,84.93524,13.2878
2020-04-01 00:30:15,84.93104,13.32884
2020-04-01 01:00:14,84.92684,13.36844
2020-04-01 01:30:15,84.92267,13.40621
2020-04-01 02:00:14,84.91853,13.4422
2020-04-01 02:30:14,84.91444,13.47726
2020-04-01 03:00:15,84.91039,13.51172
2020-04-01 03:30:14,84.9064,13.54595
2020-04-01 04:00:15,84.90243,13.57974
2020-04-01 04:30:15,84.89851,13.61282
2020-04-01 05:00:14,84.8946,13.64495
2020-04-01 05:30:15,84.89073,13.67604
2020-04-01 06:00:15,84.88688,13.7058
2020-04-01 06:30:15,84.88304,13.73411
2020-04-01 07:00:14,84.87917,13.76067
2020-04-01 07:30:15,84.87528,13.78548
2020-04-01 08:00:15,84.87138,13.80884
2020-04-01 08:30:14,84.86747,13.83092
2020-04-01 09:00:15,84.86352,13.8515
2020-04-01 09:30:14,84.85949,13.86987
2020-04-01 10:00:14,84.8554,13.88598
2020-04-01 10:30:15,84.85126,13.90035
2020-04-01 11:00:14,84.84705,13.91311
2020-04-01 11:30:15,84.84272,13.92427
2020-04-01 12:00:15,84.83833,13.93366
2020-04-01 12:30:14,84.83389,13.9413
2020-04-01 13:00:15,84.82943,13.94776
2020-04-01 13:30:15,84.82505,13.95326
2020-04-01 14:00:14,84.82072,13.95771
2020-04-01 14:30:15,84.81654,13.96115
2020-04-01 15:00:15,84.81256,13.96358
2020-04-01 15:30:15,84.80875,13.96562
2020-04-01 16:00:14,84.80511,13.96797
2020-04-01 16:30:15,84.80163,13.97066
2020-04-01 17:00:15,84.79824,13.97363
2020-04-01 17:30:14,84.79489,13.97639
2020-04-01 18:00:15,84.79164,13.97873
2020-04-01 18:30:14,84.78848,13.98046
2020-04-01 19:00:14,84.78539,13.98176
2020-04-01 19:30:15,84.78244,13.98416
2020-04-01 20:00:14,84.77955,13.98791
2020-04-01 20:30:14,84.77661,13.99187
2020-04-01 21:00:15,84.77368,13.99456
2020-04-01 21:30:14,84.77065,13.99554
2020-04-01 22:00:15,84.7673,13.99387
2020-04-01 22:30:15,84.76377,13.99018
2020-04-01 23:00:14,84.76013,13.98387
2020-04-01 23:30:15,84.75644,13.97439
2020-04-02 00:00:15,84.75271,13.96188
2020-04-02 00:30:15,84.74895,13.94763
2020-04-02 01:00:14,84.74525,13.93221
2020-04-02 01:30:15,84.74162,13.91569
2020-04-02 02:00:15,84.738,13.89805
2020-04-02 02:30:14,84.73444,13.88
2020-04-02 03:00:15,84.73096,13.86138
2020-04-02 03:30:15,84.72753,13.84244
2020-04-02 04:00:14,84.7242,13.82351
2020-04-02 04:30:15,84.72092,13.80497
2020-04-02 05:00:14,84.71765,13.78699
2020-04-02 05:30:14,84.71433,13.76983
2020-04-02 06:00:15,84.71098,13.75362
2020-04-02 06:30:14,84.70768,13.73803
2020-04-02 07:00:15,84.70431,13.72338
2020-04-02 07:30:15,84.70094,13.70884
2020-04-02 08:00:14,84.69744,13.69558
2020-04-02 08:30:15,84.69386,13.68232
2020-04-02 09:00:15,84.6902,13.66796
2020-04-02 09:30:15,84.68645,13.65277
2020-04-02 10:00:14,84.68269,13.6366
2020-04-02 10:30:15,84.67893,13.61942
2020-04-02 11:00:15,84.67515,13.60159
2020-04-02 11:30:14,84.6713,13.58308
2020-04-02 12:00:15,84.6674,13.56306
2020-04-02 12:30:14,84.66348,13.54132
2020-04-02 13:00:14,84.65939,13.51768
2020-04-02 13:30:15,84.65528,13.49238
2020-04-02 14:00:14,84.65113,13.46568
2020-04-02 14:30:15,84.64699,13.43792
2020-04-02 15:00:15,84.64284,13.40941
2020-04-02 15:30:14,84.63866,13.38061
2020-04-02 16:00:15,84.63452,13.35167
2020-04-02 16:30:15,84.6304,13.322
2020-04-02 17:00:15,84.62632,13.29152
2020-04-02 17:30:14,84.62229,13.26039
2020-04-02 18:00:15,84.61836,13.22892
2020-04-02 18:30:15,84.61452,13.19767
2020-04-02 19:00:14,84.61075,13.16738
2020-04-02 19:30:15,84.60703,13.13865
2020-04-02 20:00:14,84.60333,13.11176
2020-04-02 20:30:14,84.59964,13.08588
2020-04-02 21:00:15,84.59589,13.06098
2020-04-02 21:30:14,84.59213,13.037
2020-04-02 22:00:15,84.58832,13.01363
2020-04-02 22:30:15,84.58443,12.9907
2020-04-02 23:00:14,84.58047,12.96787
2020-04-02 23:30:15,84.57649,12.94418
2020-04-03 00:00:15,84.57248,12.91953
2020-04-03 00:30:15,84.56845,12.89406
2020-04-03 01:00:14,84.56448,12.86724
2020-04-03 01:30:15,84.56046,12.83947
2020-04-03 02:00:15,84.55643,12.81079
2020-04-03 02:30:14,84.55244,12.7809
2020-04-03 03:00:15,84.54855,12.74987
2020-04-03 03:30:14,84.54477,12.71796
2020-04-03 04:00:14,84.54115,12.68553
2020-04-03 04:30:15,84.53767,12.65347
2020-04-03 05:00:14,84.53435,12.62171
2020-04-03 05:30:15,84.53112,12.59023
2020-04-03 06:00:15,84.52802,12.55983
2020-04-03 06:30:14,84.52508,12.53072
2020-04-03 07:00:15,84.52226,12.5019
2020-04-03 07:30:15,84.51952,12.47394
2020-04-03 08:00:15,84.51689,12.4471
2020-04-03 08:30:14,84.51437,12.4216
2020-04-03 09:00:15,84.51195,12.39705
2020-04-03 09:30:15,84.5096,12.37364
2020-04-03 10:00:14,84.50732,12.35086
2020-04-03 10:30:15,84.50501,12.32868
2020-04-03 11:00:14,84.50275,12.30617
2020-04-03 11:30:14,84.50052,12.28361
2020-04-03 12:00:15,84.49829,12.26116
2020-04-03 12:30:14,84.49608,12.23855
2020-04-03 13:00:15,84.49385,12.21583
2020-04-03 13:30:15,84.49157,12.19242
2020-04-03 14:00:14,84.48928,12.16866
2020-04-03 14:30:15,84.48692,12.14435
2020-04-03 15:00:15,84.4845,12.12024
2020-04-03 15:30:15,84.48206,12.0963
2020-04-03 16:00:14,84.4796,12.0739
2020-04-03 16:30:15,84.47719,12.05247
2020-04-03 17:00:14,84.47476,12.03278
2020-04-03 17:30:14,84.47234,12.01517
2020-04-03 18:00:15,84.46984,11.99914
2020-04-03 18:30:14,84.46728,11.98441
2020-04-03 19:00:15,84.46458,11.97122
2020-04-03 19:30:15,84.4618,11.95963
2020-04-03 20:00:15,84.45895,11.9496
2020-04-03 20:30:14,84.45609,11.94141
2020-04-03 21:00:15,84.45317,11.93487
2020-04-03 21:30:15,84.45023,11.92976
2020-04-03 22:00:14,84.44725,11.92577
2020-04-03 22:30:15,84.44415,11.92196
2020-04-03 23:00:14,84.44102,11.91873
2020-04-03 23:30:15,84.4379,11.91599
2020-04-04 00:00:15,84.43476,11.91255
2020-04-04 00:30:14,84.43156,11.90829
2020-04-04 01:00:15,84.42838,11.90477
2020-04-04 01:30:15,84.42513,11.8999
2020-04-04 02:00:15,84.42185,11.89451
2020-04-04 02:30:14,84.41857,11.88737
2020-04-04 03:00:15,84.41534,11.87869
2020-04-04 03:30:14,84.41219,11.86898
2020-04-04 04:00:14,84.40907,11.85798
2020-04-04 04:30:15,84.40607,11.84851
2020-04-04 05:00:14,84.40327,11.84118
2020-04-04 05:30:15,84.40056,11.83479
2020-04-04 06:00:15,84.3978,11.828
2020-04-04 06:30:15,84.39513,11.8214
2020-04-04 07:00:14,84.39249,11.81614
2020-04-04 07:30:15,84.38988,11.81207
2020-04-04 08:00:15,84.38729,11.80925
2020-04-04 08:30:14,84.38474,11.80771
2020-04-04 09:00:15,84.38223,11.8074
2020-04-04 09:30:14,84.37973,11.80809
2020-04-04 10:00:15,84.37727,11.80974
2020-04-04 10:30:15,84.3748,11.81201
2020-04-04 11:00:14,84.37232,11.81549
2020-04-04 11:30:15,84.36976,11.81999
2020-04-04 12:00:15,84.36716,11.82496
2020-04-04 12:30:15,84.36455,11.83087
2020-04-04 13:00:14,84.36198,11.83761
2020-04-04 13:30:15,84.35945,11.84459
2020-04-04 14:00:14,84.35713,11.85016
2020-04-04 14:30:14,84.35481,11.85815
2020-04-04 15:00:15,84.35248,11.86756
2020-04-04 15:30:14,84.34998,11.87473
2020-04-04 16:00:15,84.34747,11.88249
2020-04-04 16:30:15,84.34493,11.89039
2020-04-04 17:00:15,84.34226,11.89696
2020-04-04 17:30:14,84.33955,11.90272
2020-04-04 18:00:15,84.33687,11.90833
2020-04-04 18:30:15,84.33421,11.91434
2020-04-04 19:00:14,84.33165,11.92046
2020-04-04 19:30:15,84.32927,11.92632
2020-04-04 20:00:14,84.327,11.93313
2020-04-04 20:30:15,84.32483,11.94146
2020-04-04 21:00:15,84.32272,11.94997
2020-04-04 21:30:14,84.32079,11.95879
2020-04-04 22:00:15,84.31889,11.96804
2020-04-04 22:30:15,84.31704,11.97727
2020-04-04 23:00:15,84.31524,11.98611
2020-04-04 23:30:14,84.31356,11.99474
2020-04-05 00:00:15,84.31194,12.00382
2020-04-05 00:30:14,84.31028,12.0128
2020-04-05 01:00:14,84.30864,12.02094
2020-04-05 01:30:15,84.30708,12.02896
2020-04-05 02:00:14,84.30553,12.03708
2020-04-05 02:30:15,84.30405,12.04523
2020-04-05 03:00:15,84.30264,12.0536
2020-04-05 03:30:15,84.30138,12.06306
2020-04-05 04:00:14,84.30016,12.07308
2020-04-05 04:30:15,84.29912,12.08396
2020-04-05 05:00:15,84.29813,12.09468
2020-04-05 05:30:14,84.2971,12.10594
2020-04-05 06:00:15,84.29616,12.11751
2020-04-05 06:30:14,84.29527,12.13035
2020-04-05 07:00:14,84.29446,12.14438
2020-04-05 07:30:15,84.29376,12.15951
2020-04-05 08:00:14,84.29307,12.17561
2020-04-05 08:30:15,84.29234,12.19238
2020-04-05 09:00:15,84.2916,12.20998
2020-04-05 09:30:15,84.29088,12.22853
2020-04-05 10:00:14,84.2902,12.24776
2020-04-05 10:30:15,84.2896,12.26822
2020-04-05 11:00:15,84.28904,12.28936
2020-04-05 11:30:14,84.28857,12.31157
2020-04-05 12:00:15,84.28812,12.33422
2020-04-05 12:30:14,84.28773,12.35731
2020-04-05 13:00:14,84.28738,12.38133
2020-04-05 13:30:15,84.28701,12.40531
2020-04-05 14:00:14,84.28665,12.42944
2020-04-05 14:30:15,84.28622,12.45365
2020-04-05 15:00:15,84.28577,12.47785
2020-04-05 15:30:15,84.28524,12.50192
2020-04-05 16:00:14,84.28458,12.5253
2020-04-05 16:30:15,84.28385,12.54807
2020-04-05 17:00:15,84.28303,12.57094
2020-04-05 17:30:14,84.2821,12.59264
2020-04-05 18:00:15,84.28117,12.61396
2020-04-05 18:30:14,84.28016,12.63465
2020-04-05 19:00:14,84.27912,12.65397
2020-04-05 19:30:15,84.27805,12.67245
2020-04-05 20:00:14,84.27697,12.69104
2020-04-05 20:30:15,84.27589,12.70967
2020-04-05 21:00:15,84.27484,12.72852
2020-04-05 21:30:14,84.27377,12.74767
2020-04-05 22:00:15,84.27265,12.76695
2020-04-05 22:30:15,84.27153,12.78645
2020-04-05 23:00:15,84.2704,12.80629
2020-04-05 23:30:14,84.2693,12.82642
2020-04-06 00:00:15,84.26823,12.84668
2020-04-06 00:30:15,84.26714,12.86708
2020-04-06 01:00:14,84.26607,12.88768
2020-04-06 01:30:15,84.265,12.90805
2020-04-06 02:00:14,84.26398,12.92805
2020-04-06 02:30:15,84.26293,12.94704
2020-04-06 03:00:15,84.26186,12.96471
2020-04-06 03:30:14,84.26086,12.98045
2020-04-06 04:00:15,84.25995,12.99473
2020-04-06 04:30:15,84.25901,13.00752
2020-04-06 05:00:15,84.25813,13.01975
2020-04-06 05:30:14,84.25726,13.031
2020-04-06 06:00:15,84.25632,13.04191
2020-04-06 06:30:15,84.2554,13.05262
2020-04-06 07:00:14,84.25451,13.06364
2020-04-06 07:30:15,84.2536,13.07536
2020-04-06 08:00:14,84.25268,13.0881
2020-04-06 08:30:15,84.25175,13.10166
2020-04-06 09:00:15,84.25084,13.11635
2020-04-06 09:30:14,84.24991,13.13181
2020-04-06 10:00:15,84.24897,13.14794
2020-04-06 10:30:15,84.24807,13.16481
2020-04-06 11:00:15,84.24718,13.18164
2020-04-06 11:30:14,84.24632,13.19861
2020-04-06 12:00:15,84.24548,13.21522
2020-04-06 12:30:15,84.24467,13.23132
2020-04-06 13:00:14,84.24383,13.247
2020-04-06 13:30:15,84.24299,13.26222
2020-04-06 14:00:14,84.24213,13.27696
2020-04-06 14:30:15,84.24128,13.29117
2020-04-06 15:00:15,84.2404,13.3046
2020-04-06 15:30:14,84.23944,13.31686
2020-04-06 16:00:15,84.23844,13.32769
2020-04-06 16:30:15,84.23732,13.33738
2020-04-06 17:00:15,84.23612,13.34574
2020-04-06 17:30:14,84.23488,13.35292
2020-04-06 18:00:15,84.23364,13.35889
2020-04-06 18:30:15,84.2324,13.36397
2020-04-06 19:00:14,84.23113,13.36854
2020-04-06 19:30:15,84.22992,13.37182
2020-04-06 20:00:14,84.22869,13.37479
2020-04-06 20:30:15,84.22749,13.37741
2020-04-06 21:00:15,84.22632,13.37992
2020-04-06 21:30:14,84.22514,13.38213
2020-04-06 22:00:15,84.22403,13.38484
2020-04-06 22:30:15,84.22296,13.388
2020-04-06 23:00:15,84.22195,13.39205
2020-04-06 23:30:14,84.22097,13.39709
2020-04-07 00:00:15,84.22011,13.40277
2020-04-07 00:30:14,84.21933,13.40881
2020-04-07 01:00:14,84.21868,13.4151
2020-04-07 01:30:15,84.21816,13.42138
2020-04-07 02:00:14,84.21769,13.42753
2020-04-07 02:30:15,84.21736,13.43386
2020-04-07 03:00:15,84.21712,13.43987
2020-04-07 03:30:15,84.21684,13.44531
2020-04-07 04:00:14,84.2166,13.45054
2020-04-07 04:30:15,84.21635,13.45429
2020-04-07 05:00:15,84.21608,13.45715
2020-04-07 05:30:14,84.21571,13.45835
2020-04-07 06:00:15,84.21529,13.45899
2020-04-07 06:30:14,84.21487,13.4594
2020-04-07 07:00:15,84.2144,13.45912
2020-04-07 07:30:15,84.21394,13.45875
2020-04-07 08:00:14,84.21342,13.45838
2020-04-07 08:30:15,84.21291,13.458
2020-04-07 09:00:15,84.21237,13.45794
2020-04-07 09:30:15,84.21187,13.4585
2020-04-07 10:00:14,84.21137,13.45954
2020-04-07 10:30:15,84.21092,13.4612
2020-04-07 11:00:14,84.21052,13.46311
2020-04-07 11:30:14,84.21009,13.4652
2020-04-07 12:00:15,84.20966,13.4673
2020-04-07 12:30:14,84.20924,13.4695
2020-04-07 13:00:15,84.20884,13.47147
2020-04-07 13:30:15,84.20847,13.47344
2020-04-07 14:00:15,84.20812,13.47503
2020-04-07 14:30:14,84.20784,13.47587
2020-04-07 15:00:15,84.20766,13.47683
2020-04-07 15:30:14,84.20753,13.47729
2020-04-07 16:00:14,84.20743,13.4775
2020-04-07 16:30:15,84.20731,13.47759
2020-04-07 17:00:14,84.20715,13.47749
2020-04-07 17:30:15,84.20692,13.47732
2020-04-07 18:00:15,84.20657,13.47676
2020-04-07 18:30:15,84.20612,13.4757
2020-04-07 19:00:14,84.20559,13.47423
2020-04-07 19:30:15,84.20493,13.47276
2020-04-07 20:00:14,84.20422,13.47137
2020-04-07 20:30:14,84.20344,13.47006
2020-04-07 21:00:15,84.20267,13.46904
2020-04-07 21:30:14,84.2019,13.46847
2020-04-07 22:00:15,84.20117,13.4684
2020-04-07 22:30:15,84.20046,13.46907
2020-04-07 23:00:15,84.19978,13.47056
2020-04-07 23:30:14,84.1991,13.473
2020-04-08 00:00:15,84.19852,13.47609
2020-04-08 00:30:14,84.19796,13.47948
2020-04-08 01:00:15,84.19749,13.48329
2020-04-08 01:30:15,84.19708,13.4875
2020-04-08 02:00:15,84.19676,13.49198
2020-04-08 02:30:14,84.19648,13.49667
2020-04-08 03:00:15,84.19624,13.5018
2020-04-08 03:30:15,84.19607,13.50718
2020-04-08 04:00:14,84.19589,13.51251
2020-04-08 04:30:15,84.19575,13.51769
2020-04-08 05:00:14,84.1956,13.52288
2020-04-08 05:30:15,84.19543,13.52814
2020-04-08 06:00:15,84.1952,13.53284
2020-04-08 06:30:15,84.19491,13.53724
2020-04-08 07:00:14,84.1946,13.5417
2020-04-08 07:30:15,84.19424,13.54632
2020-04-08 08:00:15,84.19386,13.55119
2020-04-08 08:30:14,84.19344,13.55653
2020-04-08 09:00:15,84.19299,13.56226
2020-04-08 09:30:14,84.19254,13.56812
2020-04-08 10:00:15,84.19204,13.57437
2020-04-08 10:30:15,84.19154,13.58175
2020-04-08 11:00:15,84.19106,13.5897
2020-04-08 11:30:14,84.19047,13.59882
2020-04-08 12:00:15,84.18984,13.60855
2020-04-08 12:30:15,84.18919,13.61877
2020-04-08 13:00:14,84.18852,13.62988
2020-04-08 13:30:15,84.18784,13.64074
2020-04-08 14:00:14,84.18717,13.65155
2020-04-08 14:30:15,84.18649,13.66201
2020-04-08 15:00:15,84.18578,13.67192
2020-04-08 15:30:14,84.1851,13.68167
2020-04-08 16:00:15,84.18437,13.69092
2020-04-08 16:30:15,84.18364,13.69991
2020-04-08 17:00:15,84.18287,13.70802
2020-04-08 17:30:14,84.18203,13.71577
2020-04-08 18:00:15,84.18114,13.72265
2020-04-08 18:30:14,84.18023,13.72863
2020-04-08 19:00:14,84.17925,13.73383
2020-04-08 19:30:15,84.17822,13.73834
2020-04-08 20:00:14,84.17712,13.74222
2020-04-08 20:30:15,84.17596,13.74553
2020-04-08 21:00:15,84.17477,13.74828
2020-04-08 21:30:15,84.17352,13.75068
2020-04-08 22:00:14,84.17226,13.75295
2020-04-08 22:30:15,84.17097,13.75501
2020-04-08 23:00:15,84.16972,13.75681
2020-04-08 23:30:14,84.16852,13.75852
2020-04-09 00:00:15,84.1674,13.76013
2020-04-09 00:30:14,84.16631,13.76218
2020-04-09 01:00:15,84.16527,13.76445
2020-04-09 01:30:15,84.16429,13.76686
2020-04-09 02:00:14,84.16332,13.76892
2020-04-09 02:30:15,84.16232,13.77078
2020-04-09 03:00:15,84.16135,13.77256
2020-04-09 03:30:15,84.1604,13.77433
2020-04-09 04:00:14,84.15947,13.77579
2020-04-09 04:30:15,84.15855,13.7768
2020-04-09 05:00:14,84.15762,13.77695
2020-04-09 05:30:14,84.15667,13.77656
2020-04-09 06:00:15,84.15568,13.77554
2020-04-09 06:30:14,84.15462,13.77354
2020-04-09 07:00:15,84.1535,13.77068
2020-04-09 07:30:15,84.15228,13.76702
2020-04-09 08:00:15,84.15097,13.7627
2020-04-09 08:30:14,84.14963,13.75791
2020-04-09 09:00:15,84.1482,13.75259
2020-04-09 09:30:15,84.14668,13.74693
2020-04-09 10:00:14,84.14516,13.74111
2020-04-09 10:30:15,84.14367,13.73497
2020-04-09 11:00:14,84.14217,13.72926
2020-04-09 11:30:14,84.14077,13.72365
2020-04-09 12:00:15,84.13947,13.71881
2020-04-09 12:30:14,84.13813,13.71449
2020-04-09 13:00:15,84.13695,13.71039
2020-04-09 13:30:15,84.13584,13.70689
2020-04-09 14:00:15,84.13481,13.70407
2020-04-09 14:30:14,84.13395,13.70195
2020-04-09 15:00:15,84.13319,13.70041
2020-04-09 15:30:15,84.13245,13.69887
2020-04-09 16:00:14,84.13187,13.69718
2020-04-09 16:30:15,84.1314,13.69538
2020-04-09 17:00:14,84.1308,13.69369
2020-04-09 17:30:15,84.13008,13.69136
2020-04-09 18:00:15,84.12921,13.68836
2020-04-09 18:30:14,84.1283,13.68494
2020-04-09 19:00:15,84.12728,13.68045
2020-04-09 19:30:15,84.12612,13.67539
2020-04-09 20:00:15,84.12486,13.66956
2020-04-09 20:30:14,84.12352,13.66309
2020-04-09 21:00:15,84.12208,13.656
2020-04-09 21:30:15,84.12056,13.64853
2020-04-09 22:00:14,84.11901,13.64102
2020-04-09 22:30:15,84.11748,13.6336
2020-04-09 23:00:14,84.11594,13.62636
2020-04-09 23:30:15,84.11443,13.61954
2020-04-10 00:00:15,84.11292,13.61356
2020-04-10 00:30:14,84.11156,13.60856
2020-04-10 01:00:15,84.1104,13.60459
2020-04-10 01:30:15,84.10949,13.60149
2020-04-10 02:00:15,84.10883,13.5991
2020-04-10 02:30:14,84.10832,13.59754
2020-04-10 03:00:15,84.10792,13.59686
2020-04-10 03:30:14,84.10759,13.59707
2020-04-10 04:00:15,84.10732,13.5976
2020-04-10 04:30:15,84.10709,13.59871
2020-04-10 05:00:14,84.10672,13.60001
2020-04-10 05:30:15,84.10622,13.60077
2020-04-10 06:00:15,84.10565,13.60124
2020-04-10 06:30:15,84.10499,13.6014
2020-04-10 07:00:14,84.10413,13.60091
2020-04-10 07:30:15,84.1031,13.60001
2020-04-10 08:00:14,84.10192,13.59862
2020-04-10 08:30:14,84.10059,13.59652
2020-04-10 09:00:15,84.09916,13.59394
2020-04-10 09:30:14,84.09766,13.59077
2020-04-10 10:00:15,84.09616,13.58767
2020-04-10 10:30:15,84.09459,13.58421
2020-04-10 11:00:15,84.09299,13.58078
2020-04-10 11:30:14,84.09144,13.57777
2020-04-10 12:00:15,84.0899,13.57502
2020-04-10 12:30:15,84.08846,13.57265
2020-04-10 13:00:14,84.08709,13.57113
2020-04-10 13:30:15,84.08577,13.57086
2020-04-10 14:00:14,84.08452,13.57165
2020-04-10 14:30:15,84.08334,13.57321
2020-04-10 15:00:15,84.08224,13.57545
2020-04-10 15:30:14,84.08128,13.57837
2020-04-10 16:00:15,84.08038,13.58186
2020-04-10 16:30:15,84.07952,13.58566
2020-04-10 17:00:15,84.07869,13.5897
2020-04-10 17:30:14,84.07783,13.59364
2020-04-10 18:00:15,84.07684,13.59787
2020-04-10 18:30:14,84.07574,13.60215
2020-04-10 19:00:14,84.07458,13.60585
2020-04-10 19:30:15,84.0733,13.60905
2020-04-10 20:00:14,84.07198,13.61091
2020-04-10 20:30:15,84.07052,13.61228
2020-04-10 21:00:15,84.06932,13.61372
2020-04-10 21:30:15,84.06797,13.61532
2020-04-10 22:00:14,84.06651,13.6163
2020-04-10 22:30:15,84.06527,13.61658
2020-04-10 23:00:15,84.06413,13.61703
2020-04-10 23:30:14,84.06299,13.61775
2020-04-11 00:00:15,84.06188,13.61874
2020-04-11 00:30:14,84.06068,13.62054
2020-04-11 01:00:15,84.05943,13.62319
2020-04-11 01:30:15,84.05821,13.62717
2020-04-11 02:00:15,84.057,13.63179
2020-04-11 02:30:14,84.05575,13.63711
2020-04-11 03:00:15,84.0545,13.64322
2020-04-11 03:30:15,84.05329,13.64972
2020-04-11 04:00:14,84.05212,13.65637
2020-04-11 04:30:15,84.05096,13.66311
2020-04-11 05:00:14,84.04984,13.66967
2020-04-11 05:30:15,84.04874,13.67599
2020-04-11 06:00:15,84.04767,13.68195
2020-04-11 06:30:14,84.04668,13.6871
2020-04-11 07:00:15,84.04562,13.69142
2020-04-11 07:30:15,84.04462,13.69349
2020-04-11 08:00:15,84.04357,13.69466
2020-04-11 08:30:14,84.04269,13.69422
2020-04-11 09:00:15,84.04173,13.69524
2020-04-11 09:30:14,84.04061,13.69652
2020-04-11 10:00:15,84.03945,13.69561
2020-04-11 10:30:15,84.03827,13.69402
2020-04-11 11:00:14,84.037,13.69175
2020-04-11 11:30:15,84.03569,13.68993
2020-04-11 12:00:15,84.03442,13.68754
2020-04-11 12:30:15,84.03303,13.68552
2020-04-11 13:00:14,84.0318,13.68412
2020-04-11 13:30:15,84.03056,13.68329
2020-04-11 14:00:14,84.0293,13.68257
2020-04-11 14:30:14,84.02808,13.68278
2020-04-11 15:00:15,84.02677,13.68258
2020-04-11 15:30:14,84.02549,13.68256
2020-04-11 16:00:15,84.02422,13.68325
2020-04-11 16:30:15,84.02299,13.68308
2020-04-11 17:00:15,84.02184,13.68339
2020-04-11 17:30:14,84.02078,13.68373
2020-04-11 18:00:15,84.01978,13.68383
2020-04-11 18:30:15,84.01883,13.68361
2020-04-11 19:00:14,84.01794,13.68304
2020-04-11 19:30:15,84.01709,13.68197
2020-04-11 20:00:14,84.01624,13.68073
2020-04-11 20:30:15,84.01539,13.67937
2020-04-11 21:00:15,84.01445,13.67733
2020-04-11 21:30:15,84.0135,13.67505
2020-04-11 22:00:14,84.01259,13.67282
2020-04-11 22:30:15,84.0116,13.67003
2020-04-11 23:00:15,84.01064,13.66742
2020-04-11 23:30:14,84.00964,13.66501
2020-04-12 00:00:15,84.00869,13.66294
2020-04-12 00:30:14,84.0079,13.6619
2020-04-12 01:00:15,84.00721,13.66183
2020-04-12 01:30:15,84.00655,13.66236
2020-04-12 02:00:15,84.00605,13.66324
2020-04-12 02:30:14,84.00573,13.66431
2020-04-12 03:00:15,84.00551,13.66586
2020-04-12 03:30:15,84.00536,13.66794
2020-04-12 04:00:14,84.00533,13.6704
2020-04-12 04:30:15,84.00539,13.67279
2020-04-12 05:00:14,84.00544,13.67516
2020-04-12 05:30:15,84.00546,13.67732
2020-04-12 06:00:15,84.00551,13.67953
2020-04-12 06:30:15,84.00551,13.68158
2020-04-12 07:00:14,84.00552,13.6832
2020-04-12 07:30:15,84.00552,13.68449
2020-04-12 08:00:15,84.00552,13.68557
2020-04-12 08:30:14,84.00552,13.6863
2020-04-12 09:00:15,84.00546,13.68709
2020-04-12 09:30:14,84.00517,13.68837
2020-04-12 10:00:15,84.00472,13.69006
2020-04-12 10:30:15,84.0043,13.69184
2020-04-12 11:00:15,84.00391,13.69386
2020-04-12 11:30:14,84.00348,13.69608
2020-04-12 12:00:15,84.00312,13.69847
2020-04-12 12:30:15,84.00275,13.70105
2020-04-12 13:00:14,84.00237,13.70399
2020-04-12 13:30:15,84.00204,13.70726
2020-04-12 14:00:14,84.00172,13.71074
2020-04-12 14:30:15,84.00139,13.71437
2020-04-12 15:00:15,84.00112,13.71811
2020-04-12 15:30:14,84.00089,13.72214
2020-04-12 16:00:15,84.00088,13.72577
2020-04-12 16:30:15,84.00093,13.72889
2020-04-12 17:00:15,84.00095,13.73189
2020-04-12 17:30:14,84.00101,13.73471
2020-04-12 18:00:15,84.00104,13.73736
2020-04-12 18:30:14,84.00111,13.73984
2020-04-12 19:00:14,84.00112,13.74228
2020-04-12 19:30:15,84.00118,13.74452
2020-04-12 20:00:14,84.00123,13.74644
2020-04-12 20:30:15,84.00128,13.74784
2020-04-12 21:00:15,84.0013,13.74908
2020-04-12 21:30:15,84.00128,13.75054
2020-04-12 22:00:14,84.00132,13.75213
2020-04-12 22:30:15,84.00134,13.75357
2020-04-12 23:00:14,84.0014,13.75529
2020-04-12 23:30:15,84.00143,13.75765
2020-04-13 00:00:15,84.0015,13.76049
2020-04-13 00:30:15,84.00156,13.76358
2020-04-13 01:00:14,84.00164,13.76689
2020-04-13 01:30:15,84.00172,13.77075
2020-04-13 02:00:15,84.00177,13.77502
2020-04-13 02:30:14,84.00185,13.77967
2020-04-13 03:00:15,84.00195,13.78491
2020-04-13 03:30:14,84.00205,13.79039
2020-04-13 04:00:15,84.00219,13.79604
2020-04-13 04:30:15,84.0023,13.80203
2020-04-13 05:00:15,84.00252,13.80832
2020-04-13 05:30:14,84.00275,13.81458
2020-04-13 06:00:15,84.00304,13.82088
2020-04-13 06:30:14,84.00333,13.82771
2020-04-13 07:00:14,84.00368,13.83467
2020-04-13 07:30:15,84.00405,13.84155
2020-04-13 08:00:14,84.00436,13.84891
2020-04-13 08:30:15,84.00465,13.85564
2020-04-13 09:00:15,84.00501,13.86201
2020-04-13 09:30:15,84.0053,13.86784
2020-04-13 10:00:14,84.00558,13.87332
2020-04-13 10:30:15,84.00584,13.87883
2020-04-13 11:00:14,84.0061,13.88474
2020-04-13 11:30:14,84.00635,13.88984
2020-04-13 12:00:15,84.00658,13.89349
2020-04-13 12:30:14,84.00684,13.89655
2020-04-13 13:00:15,84.0071,13.89944
2020-04-13 13:30:15,84.00739,13.902
2020-04-13 14:00:15,84.00772,13.90442
2020-04-13 14:30:14,84.00806,13.90669
2020-04-13 15:00:15,84.00845,13.90912
2020-04-13 15:30:15,84.0089,13.91162
2020-04-13 16:00:14,84.00941,13.91372
2020-04-13 16:30:15,84.00995,13.91571
2020-04-13 17:00:14,84.01054,13.91694
2020-04-13 17:30:15,84.01122,13.91772
2020-04-13 18:00:15,84.01197,13.91804
2020-04-13 18:30:15,84.01281,13.91747
2020-04-13 19:00:14,84.01372,13.91658
2020-04-13 19:30:15,84.01469,13.91535
2020-04-13 20:00:15,84.01569,13.91363
2020-04-13 20:30:14,84.01675,13.91136
2020-04-13 21:00:15,84.01787,13.90886
2020-04-13 21:30:14,84.01888,13.906
2020-04-13 22:00:15,84.01992,13.9031
2020-04-13 22:30:15,84.02097,13.89991
2020-04-13 23:00:15,84.02203,13.89626
2020-04-13 23:30:14,84.02306,13.89182
2020-04-14 00:00:15,84.02413,13.88628
2020-04-14 00:30:15,84.02524,13.88042
2020-04-14 01:00:14,84.0264,13.87383
2020-04-14 01:30:15,84.02759,13.86688
2020-04-14 02:00:14,84.02882,13.85958
2020-04-14 02:30:15,84.03009,13.85173
2020-04-14 03:00:15,84.03132,13.84346
2020-04-14 03:30:14,84.0326,13.83475
2020-04-14 04:00:15,84.03385,13.82549
2020-04-14 04:30:15,84.0351,13.81561
2020-04-14 05:00:15,84.03637,13.80505
2020-04-14 05:30:14,84.03761,13.79379
2020-04-14 06:00:15,84.03886,13.78184
2020-04-14 06:30:14,84.04011,13.76942
2020-04-14 07:00:14,84.04132,13.75507
2020-04-14 07:30:15,84.04256,13.73963
2020-04-14 08:00:14,84.04375,13.72408
2020-04-14 08:30:15,84.04505,13.70677
2020-04-14 09:00:15,84.04633,13.68868
2020-04-14 09:30:15,84.04756,13.66903
2020-04-14 10:00:14,84.04861,13.64843
2020-04-14 10:30:15,84.04955,13.62577
2020-04-14 11:00:15,84.05036,13.6025
2020-04-14 11:30:14,84.05103,13.57825
2020-04-14 12:00:15,84.05163,13.55331
2020-04-14 12:30:14,84.05216,13.53018
2020-04-14 13:00:15,84.05256,13.5078
2020-04-14 13:30:15,84.05273,13.48682
2020-04-14 14:00:14,84.05273,13.46624
2020-04-14 14:30:15,84.05256,13.44631
2020-04-14 15:00:15,84.05228,13.42758
2020-04-14 15:30:15,84.05199,13.41008
2020-04-14 16:00:14,84.05161,13.39302
2020-04-14 16:30:15,84.05119,13.37592
2020-04-14 17:00:15,84.05074,13.35943
2020-04-14 17:30:14,84.05026,13.34348
2020-04-14 18:00:15,84.04979,13.32873
2020-04-14 18:30:14,84.04939,13.31458
2020-04-14 19:00:15,84.04903,13.3004
2020-04-14 19:30:15,84.04874,13.28639
2020-04-14 20:00:14,84.04839,13.27272
2020-04-14 20:30:15,84.04794,13.25964
2020-04-14 21:00:15,84.04742,13.24697
2020-04-14 21:30:15,84.04676,13.2339
2020-04-14 22:00:14,84.0461,13.22134
2020-04-14 22:30:15,84.04548,13.20915
2020-04-14 23:00:15,84.04484,13.19687
2020-04-14 23:30:14,84.04414,13.18412
2020-04-15 00:00:15,84.04346,13.17069
2020-04-15 00:30:14,84.04277,13.15689
2020-04-15 01:00:14,84.04209,13.14276
2020-04-15 01:30:15,84.04139,13.12857
2020-04-15 02:00:14,84.04079,13.11431
2020-04-15 02:30:15,84.04021,13.09998
2020-04-15 03:00:15,84.03976,13.08566
2020-04-15 03:30:15,84.03933,13.07144
2020-04-15 04:00:14,84.03896,13.05789
2020-04-15 04:30:15,84.03863,13.04538
2020-04-15 05:00:15,84.03835,13.03319
2020-04-15 05:30:14,84.03806,13.02096
2020-04-15 06:00:15,84.03777,13.00892
2020-04-15 06:30:14,84.03758,12.99712
2020-04-15 07:00:14,84.03738,12.98523
2020-04-15 07:30:15,84.03722,12.97334
2020-04-15 08:00:14,84.03712,12.96124
2020-04-15 08:30:15,84.03704,12.9492
2020-04-15 09:00:15,84.03703,12.93694
2020-04-15 09:30:14,84.03703,12.92445
2020-04-15 10:00:15,84.03692,12.91218
2020-04-15 10:30:15,84.03681,12.89877
2020-04-15 11:00:15,84.03656,12.88509
2020-04-15 11:30:14,84.03628,12.87162
2020-04-15 12:00:15,84.03579,12.8567
2020-04-15 12:30:15,84.03522,12.84151
2020-04-15 13:00:14,84.03476,12.82511
2020-04-15 13:30:15,84.03429,12.80817
2020-04-15 14:00:14,84.03368,12.7914
2020-04-15 14:30:14,84.03296,12.77421
2020-04-15 15:00:15,84.03214,12.7573
2020-04-15 15:30:14,84.03141,12.73898
2020-04-15 16:00:15,84.0308,12.72127
2020-04-15 16:30:15,84.03009,12.70315
2020-04-15 17:00:14,84.0292,12.68426
2020-04-15 17:30:15,84.02814,12.66709
2020-04-15 18:00:15,84.02712,12.65097
2020-04-15 18:30:15,84.02608,12.6355
2020-04-15 19:00:14,84.02502,12.62081
2020-04-15 19:30:15,84.02399,12.60693
2020-04-15 20:00:15,84.02293,12.5927
2020-04-15 20:30:14,84.02183,12.57866
2020-04-15 21:00:15,84.02064,12.56479
2020-04-15 21:30:14,84.01944,12.5509
2020-04-15 22:00:14,84.01826,12.53634
2020-04-15 22:30:15,84.01703,12.52083
2020-04-15 23:00:14,84.01576,12.5041
2020-04-15 23:30:15,84.01445,12.48625
2020-04-16 00:00:15,84.01313,12.4677
2020-04-16 00:30:14,84.01192,12.44746
2020-04-16 01:00:15,84.01099,12.42611
2020-04-16 01:30:15,84.01056,12.40328
2020-04-16 02:00:15,84.01031,12.37956
2020-04-16 02:30:14,84.01024,12.35638
2020-04-16 03:00:15,84.01064,12.33193
2020-04-16 03:30:15,84.01112,12.3093
2020-04-16 04:00:14,84.01207,12.28718
2020-04-16 04:30:15,84.01297,12.26791
2020-04-16 05:00:14,84.01413,12.25019
2020-04-16 05:30:14,84.01541,12.23423
2020-04-16 06:00:15,84.01672,12.22002
2020-04-16 06:30:14,84.01824,12.20657
2020-04-16 07:00:15,84.01987,12.19488
2020-04-16 07:30:15,84.02156,12.18482
2020-04-16 08:00:14,84.0234,12.17618
2020-04-16 08:30:15,84.02543,12.16886
2020-04-16 09:00:15,84.0276,12.16282
2020-04-16 09:30:14,84.02995,12.15751
2020-04-16 10:00:15,84.03235,12.1533
2020-04-16 10:30:15,84.0348,12.14998
2020-04-16 11:00:15,84.0374,12.14696
2020-04-16 11:30:14,84.04,12.14524
2020-04-16 12:00:15,84.04263,12.1436
2020-04-16 12:30:15,84.04508,12.14272
2020-04-16 13:00:14,84.04762,12.14152
2020-04-16 13:30:15,84.05008,12.14105
2020-04-16 14:00:14,84.05251,12.14115
2020-04-16 14:30:14,84.05488,12.14126
2020-04-16 15:00:15,84.05717,12.14149
2020-04-16 15:30:14,84.05946,12.14321
2020-04-16 16:00:15,84.06185,12.14633
2020-04-16 16:30:15,84.06437,12.15011
2020-04-16 17:00:14,84.06709,12.15652
2020-04-16 17:30:15,84.06992,12.16583
2020-04-16 18:00:15,84.0728,12.17697
2020-04-16 18:30:14,84.07567,12.18935
2020-04-16 19:00:15,84.07854,12.20387
2020-04-16 19:30:15,84.0815,12.22126
2020-04-16 20:00:15,84.08452,12.23985
2020-04-16 20:30:14,84.08746,12.25878
2020-04-16 21:00:15,84.09028,12.27865
2020-04-16 21:30:15,84.09301,12.29838
2020-04-16 22:00:14,84.09573,12.31751
2020-04-16 22:30:15,84.09836,12.33793
2020-04-16 23:00:14,84.10084,12.35773
2020-04-16 23:30:14,84.10332,12.37872
2020-04-17 00:00:15,84.1058,12.39928
2020-04-17 00:30:14,84.10817,12.41997
2020-04-17 01:00:15,84.11037,12.44157
2020-04-17 01:30:15,84.11225,12.46372
2020-04-17 02:00:14,84.11389,12.48742
2020-04-17 02:30:15,84.11536,12.51122
2020-04-17 03:00:15,84.1164,12.53494
2020-04-17 03:30:15,84.11726,12.55646
2020-04-17 04:00:14,84.11792,12.57641
2020-04-17 04:30:15,84.11837,12.59476
2020-04-17 05:00:15,84.11867,12.61234
2020-04-17 05:30:14,84.11881,12.6289
2020-04-17 06:00:15,84.11881,12.64386
2020-04-17 06:30:14,84.11871,12.65691
2020-04-17 07:00:15,84.11856,12.66786
2020-04-17 07:30:15,84.11844,12.67704
2020-04-17 08:00:14,84.11842,12.68433
2020-04-17 08:30:15,84.1186,12.68927
2020-04-17 09:00:15,84.11903,12.69261
2020-04-17 09:30:15,84.11964,12.69524
2020-04-17 10:00:14,84.12044,12.69722
2020-04-17 10:30:15,84.12141,12.69866
2020-04-17 11:00:15,84.12257,12.70002
2020-04-17 11:30:14,84.12384,12.70178
2020-04-17 12:00:15,84.12509,12.70765
2020-04-17 12:30:14,84.1263,12.71429
2020-04-17 13:00:14,84.12748,12.72169
2020-04-17 13:30:15,84.1286,12.72864
2020-04-17 14:00:14,84.12973,12.73567
2020-04-17 14:30:15,84.13076,12.74132
2020-04-17 15:00:15,84.13165,12.74699
2020-04-17 15:30:14,84.13239,12.75099
2020-04-17 16:00:15,84.13297,12.75375
2020-04-17 16:30:15,84.13349,12.75499
2020-04-17 17:00:15,84.13393,12.75614
2020-04-17 17:30:14,84.13431,12.75747
2020-04-17 18:00:15,84.13468,12.75893
2020-04-17 18:30:15,84.13504,12.76031
2020-04-17 19:00:14,84.13538,12.76189
2020-04-17 19:30:15,84.13572,12.76368
2020-04-17 20:00:14,84.13612,12.76528
2020-04-17 20:30:14,84.13652,12.76677
2020-04-17 21:00:15,84.13697,12.76856
2020-04-18 00:30:15,84.14232,12.78445
2020-04-18 01:00:14,84.14341,12.78677
2020-04-18 01:30:15,84.1446,12.78925
2020-04-18 02:00:14,84.14585,12.7917
2020-04-18 02:30:14,84.14715,12.79436
2020-04-18 03:00:15,84.14845,12.79739
2020-04-18 03:30:14,84.14973,12.80057
2020-04-18 04:00:15,84.15104,12.8041
2020-04-18 04:30:15,84.15234,12.80765
2020-04-18 05:00:14,84.15361,12.81133
2020-04-18 05:30:15,84.15488,12.81497
2020-04-18 06:00:15,84.15614,12.81848
2020-04-18 06:30:15,84.15744,12.82153
2020-04-18 07:00:14,84.15878,12.82446
2020-04-18 07:30:15,84.16019,12.8276
2020-04-18 08:00:15,84.16172,12.83077
2020-04-18 08:30:14,84.16361,12.83412
2020-04-18 09:00:15,84.16568,12.83829
2020-04-18 09:30:14,84.16785,12.84263
2020-04-18 10:00:14,84.17028,12.8479
2020-04-18 10:30:15,84.173,12.85416
2020-04-18 11:00:14,84.17595,12.86128
2020-04-18 11:30:15,84.17892,12.8696
2020-04-18 12:00:15,84.182,12.87974
2020-04-18 12:30:14,84.1851,12.89086
2020-04-18 13:00:15,84.18819,12.90343
2020-04-18 13:30:15,84.19122,12.91776
2020-04-18 14:00:15,84.19408,12.93383
2020-04-18 14:30:14,84.19682,12.95099
2020-04-18 15:00:15,84.19941,12.97001
2020-04-18 15:30:15,84.2019,12.98909
2020-04-18 16:00:14,84.20429,13.00776
2020-04-18 16:30:15,84.20656,13.0261
2020-04-18 17:00:14,84.20864,13.04279
2020-04-18 17:30:14,84.21052,13.05954
2020-04-18 18:00:15,84.21246,13.07687
2020-04-18 18:30:14,84.21461,13.09505
2020-04-18 19:00:15,84.21697,13.11339
2020-04-18 19:30:15,84.21949,13.13265
2020-04-18 20:00:14,84.22213,13.15357
2020-04-18 20:30:15,84.22477,13.17445
2020-04-18 21:00:15,84.22739,13.19488
2020-04-18 21:30:15,84.23006,13.21427
2020-04-18 22:00:14,84.23283,13.23373
2020-04-18 22:30:15,84.23607,13.2552
2020-04-18 23:00:15,84.23955,13.27948
2020-04-18 23:30:14,84.2429,13.30439
2020-04-19 00:00:15,84.24608,13.3302
2020-04-19 00:30:14,84.24911,13.3559
2020-04-19 01:00:14,84.25204,13.38232
2020-04-19 01:30:15,84.25481,13.40843
2020-04-19 02:00:14,84.25745,13.43362
2020-04-19 02:30:15,84.25988,13.45846
2020-04-19 03:00:15,84.26218,13.48081
2020-04-19 03:30:14,84.26432,13.50118
2020-04-19 04:00:15,84.26643,13.52036
2020-04-19 04:30:15,84.26844,13.53801
2020-04-19 05:00:15,84.27042,13.55452
2020-04-19 05:30:14,84.27237,13.56933
2020-04-19 06:00:15,84.27433,13.58319
2020-04-19 06:30:15,84.27631,13.59651
2020-04-19 07:00:14,84.27825,13.60939
2020-04-19 07:30:15,84.28023,13.62203
2020-04-19 08:00:14,84.28221,13.63474
2020-04-19 08:30:14,84.28432,13.64786
2020-04-19 09:00:15,84.28649,13.66133
2020-04-19 09:30:14,84.28864,13.67499
2020-04-19 10:00:15,84.2907,13.68837
2020-04-19 10:30:15,84.29271,13.70105
2020-04-19 11:00:14,84.29466,13.71345
2020-04-19 11:30:15,84.29653,13.72576
2020-04-19 12:00:15,84.29831,13.7376
2020-04-19 12:30:14,84.29997,13.74884
2020-04-19 13:00:15,84.30152,13.7593
2020-04-19 13:30:15,84.30297,13.76801
2020-04-19 14:00:15,84.30434,13.77501
2020-04-19 14:30:14,84.30552,13.77992
2020-04-19 15:00:15,84.30659,13.78312
2020-04-19 15:30:15,84.3075,13.78462
2020-04-19 16:00:14,84.30839,13.78532
2020-04-19 16:30:15,84.30917,13.7851
2020-04-19 17:00:14,84.30994,13.78351
2020-04-19 17:30:14,84.31068,13.7809
2020-04-19 18:00:15,84.31136,13.77737
2020-04-19 18:30:14,84.312,13.773
2020-04-19 19:00:15,84.31255,13.76776
2020-04-19 19:30:15,84.31297,13.76196
2020-04-19 20:00:14,84.31328,13.75524
2020-04-19 20:30:15,84.31348,13.74886
2020-04-19 21:00:15,84.31367,13.74402
2020-04-19 21:30:14,84.31367,13.73698
2020-04-19 22:00:15,84.31351,13.7303
2020-04-19 22:30:15,84.31332,13.72361
2020-04-19 23:00:15,84.31304,13.71676
2020-04-19 23:30:14,84.31261,13.71072
2020-04-20 00:00:15,84.31197,13.70667
2020-04-20 00:30:15,84.31116,13.70401
2020-04-20 01:00:14,84.31016,13.70196
2020-04-20 01:30:15,84.30898,13.69953
2020-04-20 02:00:14,84.30766,13.69578
2020-04-20 02:30:14,84.30607,13.69007
2020-04-20 03:00:15,84.30427,13.68254
2020-04-20 03:30:14,84.30229,13.67408
2020-04-20 04:00:15,84.29997,13.66605
2020-04-20 04:30:15,84.29737,13.6584
2020-04-20 05:00:14,84.29424,13.65427
2020-04-20 05:30:15,84.29068,13.65086
2020-04-20 06:00:15,84.28685,13.64854
2020-04-20 06:30:14,84.28273,13.64689
2020-04-20 07:00:15,84.27831,13.64697
2020-04-20 07:30:15,84.2738,13.64783
2020-04-20 08:00:15,84.26919,13.64861
2020-04-20 08:30:14,84.26455,13.64866
2020-04-20 09:00:15,84.25985,13.64896
2020-04-20 09:30:15,84.2551,13.64879
2020-04-20 10:00:14,84.25041,13.64951
2020-04-20 10:30:15,84.24565,13.65102
2020-04-20 11:00:14,84.24078,13.65209
2020-04-20 11:30:14,84.236,13.65531
2020-04-20 12:00:15,84.23112,13.66088
2020-04-20 12:30:14,84.22617,13.6671
2020-04-20 13:00:15,84.22107,13.67387
2020-04-20 13:30:15,84.21584,13.68001
2020-04-20 14:00:14,84.21052,13.68615
2020-04-20 14:30:15,84.20516,13.69287
2020-04-20 15:00:15,84.19976,13.70061
2020-04-20 15:30:15,84.19431,13.7096
2020-04-20 16:00:14,84.18884,13.71874
2020-04-20 16:30:15,84.1833,13.7291
2020-04-20 17:00:15,84.17772,13.73987
2020-04-20 17:30:14,84.17212,13.75075
2020-04-20 18:00:15,84.16652,13.76264
2020-04-20 18:30:14,84.16097,13.77552
2020-04-20 19:00:14,84.1554,13.78834
2020-04-20 19:30:15,84.14986,13.80148
2020-04-20 20:00:14,84.14437,13.81497
2020-04-20 20:30:15,84.13898,13.82928
2020-04-20 21:00:15,84.13371,13.84484
2020-04-20 21:30:15,84.12849,13.86171
2020-04-20 22:00:14,84.12343,13.88068
2020-04-20 22:30:15,84.11844,13.9001
2020-04-20 23:00:15,84.1135,13.91998
2020-04-20 23:30:14,84.10856,13.94048
2020-04-21 00:00:15,84.10361,13.96175
2020-04-21 00:30:14,84.09866,13.98333
2020-04-21 01:00:14,84.09383,14.00536
2020-04-21 01:30:15,84.0891,14.02772
2020-04-21 02:00:14,84.08457,14.05015
2020-04-21 02:30:15,84.08008,14.07349
2020-04-21 03:00:15,84.07553,14.09718
2020-04-21 03:30:14,84.07085,14.1201
2020-04-21 04:00:15,84.06599,14.14232
2020-04-21 04:30:15,84.06101,14.16385
2020-04-21 05:00:15,84.05596,14.18437
2020-04-21 05:30:14,84.05116,14.20373
2020-04-21 06:00:15,84.04646,14.2209
2020-04-21 06:30:15,84.04172,14.23654
2020-04-21 07:00:14,84.03688,14.25263
2020-04-21 07:30:15,84.03196,14.26826
2020-04-21 08:00:14,84.02697,14.28303
2020-04-21 08:30:15,84.02192,14.29786
2020-04-21 09:00:15,84.01684,14.31298
2020-04-21 09:30:14,84.01175,14.32832
2020-04-21 10:00:15,84.00665,14.34377
2020-04-21 10:30:15,84.00161,14.35966
2020-04-21 11:00:15,83.99663,14.37601
2020-04-21 11:30:14,83.99181,14.39305
2020-04-21 12:00:15,83.98693,14.41129
2020-04-21 12:30:15,83.98203,14.4303
2020-04-21 13:00:14,83.9771,14.44979
2020-04-21 13:30:15,83.97221,14.4695
2020-04-21 14:00:14,83.96741,14.48923
2020-04-21 14:30:14,83.96275,14.50916
2020-04-21 15:00:15,83.95807,14.52864
2020-04-21 15:30:14,83.95353,14.54829
2020-04-21 16:00:15,83.94907,14.56782
2020-04-21 16:30:15,83.94477,14.58696
2020-04-21 17:00:15,83.94054,14.60682
2020-04-21 17:30:14,83.9361,14.62728
2020-04-21 18:00:15,83.93157,14.64592
2020-04-21 18:30:15,83.92704,14.664
2020-04-21 19:00:14,83.92248,14.68069
2020-04-21 19:30:15,83.91801,14.69428
2020-04-21 20:00:14,83.91379,14.70513
2020-04-21 20:30:14,83.90985,14.71404
2020-04-21 21:00:15,83.9062,14.72254
2020-04-21 21:30:14,83.90273,14.73116
2020-04-21 22:00:15,83.89944,14.7407
2020-04-21 22:30:15,83.89637,14.7514
2020-04-21 23:00:14,83.89342,14.76334
2020-04-21 23:30:15,83.89059,14.77733
2020-04-22 00:00:15,83.88812,14.79225
2020-04-22 00:30:15,83.88581,14.80828
2020-04-22 01:00:14,83.88348,14.8258
2020-04-22 01:30:15,83.88105,14.84465
2020-04-22 02:00:14,83.87855,14.86332
2020-04-22 02:30:14,83.87601,14.88179
2020-04-22 03:00:15,83.8734,14.90012
2020-04-22 03:30:14,83.87083,14.91655
2020-04-22 04:00:15,83.86835,14.93215
2020-04-22 04:30:15,83.86583,14.94784
2020-04-22 05:00:15,83.86337,14.96163
2020-04-22 05:30:14,83.86086,14.97521
2020-04-22 06:00:15,83.85822,14.98649
2020-04-22 06:30:15,83.85567,14.9956
2020-04-22 07:00:14,83.85335,15.00286
2020-04-22 07:30:15,83.85119,15.00897
2020-04-22 08:00:14,83.84919,15.01476
2020-04-22 08:30:14,83.84728,15.01944
2020-04-22 09:00:15,83.84538,15.02421
2020-04-22 09:30:14,83.84351,15.02908
2020-04-22 10:00:15,83.84165,15.0338
2020-04-22 10:30:15,83.83989,15.03898
2020-04-22 11:00:15,83.83828,15.04585
2020-04-22 11:30:14,83.83672,15.05361
2020-04-22 12:00:15,83.83525,15.06169
2020-04-22 12:30:15,83.834,15.07006
2020-04-22 13:00:14,83.83282,15.07933
2020-04-22 13:30:15,83.8317,15.08925
2020-04-22 14:00:14,83.83054,15.09827
2020-04-22 14:30:14,83.8294,15.10677
2020-04-22 15:00:15,83.82819,15.11432
2020-04-22 15:30:14,83.82684,15.12101
2020-04-22 16:00:15,83.82553,15.12711
2020-04-22 16:30:15,83.82425,15.13177
2020-04-22 17:00:15,83.82308,15.13519
2020-04-22 17:30:14,83.82188,15.13787
2020-04-22 18:00:15,83.82066,15.13972
2020-04-22 18:30:14,83.81947,15.14065
2020-04-22 19:00:14,83.81831,15.14089
2020-04-22 19:30:15,83.81727,15.14049
2020-04-22 20:00:14,83.81628,15.13949
2020-04-22 20:30:15,83.81527,15.13792
2020-04-22 21:00:15,83.81433,15.13602
2020-04-22 21:30:14,83.81349,15.13381
2020-04-22 22:00:15,83.81269,15.13159
2020-04-22 22:30:15,83.812,15.12992
2020-04-22 23:00:15,83.81133,15.12877
2020-04-22 23:30:14,83.81069,15.1282
2020-04-23 00:00:15,83.8101,15.1282
2020-04-23 00:30:14,83.80959,15.12911
2020-04-23 01:00:14,83.80912,15.13133
2020-04-23 01:30:15,83.80871,15.13396
2020-04-23 02:00:14,83.80821,15.13681
2020-04-23 02:30:15,83.80775,15.14019
2020-04-23 03:00:15,83.8073,15.14345
2020-04-23 03:30:15,83.80691,15.1466
2020-04-23 04:00:14,83.80659,15.14989
2020-04-23 04:30:15,83.80611,15.15238
2020-04-23 05:00:15,83.8056,15.15418
2020-04-23 05:30:14,83.80504,15.15507
2020-04-23 06:00:15,83.80445,15.15518
2020-04-23 06:30:14,83.80388,15.15437
2020-04-23 07:00:15,83.80324,15.15289
2020-04-23 07:30:15,83.80265,15.15038
2020-04-23 08:00:14,83.80206,15.14672
2020-04-23 08:30:15,83.80145,15.14254
2020-04-23 09:00:15,83.80081,15.13789
2020-04-23 09:30:15,83.8002,15.13288
2020-04-23 10:00:14,83.79961,15.12833
2020-04-23 10:30:15,83.79904,15.1244
2020-04-23 11:00:14,83.79853,15.1212
2020-04-23 11:30:14,83.7981,15.11872
2020-04-23 12:00:15,83.79765,15.11672
2020-04-23 12:30:14,83.79719,15.11522
2020-04-23 13:00:15,83.79684,15.11472
2020-04-23 13:30:15,83.79665,15.11485
2020-04-23 14:00:14,83.79648,15.11581
2020-04-23 14:30:15,83.79633,15.11689
2020-04-23 15:00:15,83.79619,15.11787
2020-04-23 15:30:15,83.79603,15.11874
2020-04-23 16:00:14,83.79588,15.11919
2020-04-23 16:30:15,83.79572,15.11929
2020-04-23 17:00:14,83.79549,15.11901
2020-04-23 17:30:14,83.79516,15.11791
2020-04-23 18:00:15,83.79478,15.11617
2020-04-23 18:30:14,83.79439,15.11365
2020-04-23 19:00:15,83.79391,15.1101
2020-04-23 19:30:15,83.79344,15.10553
2020-04-23 20:00:14,83.79295,15.10022
2020-04-23 20:30:15,83.79248,15.09435
2020-04-23 21:00:15,83.79198,15.0884
2020-04-23 21:30:15,83.7915,15.08243
2020-04-23 22:00:14,83.79102,15.07659
2020-04-23 22:30:15,83.79054,15.07113
2020-04-23 23:00:14,83.79012,15.06643
2020-04-23 23:30:15,83.78973,15.06262
2020-04-24 00:00:15,83.78938,15.05945
2020-04-24 00:30:15,83.78908,15.05697
2020-04-24 01:00:14,83.78892,15.05643
2020-04-24 01:30:15,83.78886,15.05652
2020-04-24 02:00:15,83.78881,15.05687
2020-04-24 02:30:14,83.78881,15.05762
2020-04-24 03:00:15,83.78886,15.05888
2020-04-24 03:30:14,83.78892,15.06028
2020-04-24 04:00:15,83.78893,15.0613
2020-04-24 04:30:15,83.78893,15.0624
2020-04-24 05:00:14,83.78886,15.06323
2020-04-24 05:30:15,83.7887,15.0628
2020-04-24 06:00:15,83.78847,15.06109
2020-04-24 06:30:15,83.78806,15.05786
2020-04-24 07:00:14,83.78752,15.05307
2020-04-24 07:30:15,83.78688,15.04685
2020-04-24 08:00:14,83.78625,15.04021
2020-04-24 08:30:14,83.78568,15.03331
2020-04-24 09:00:15,83.785,15.02559
2020-04-24 09:30:14,83.78416,15.01702
2020-04-24 10:00:15,83.78324,15.00783
2020-04-24 10:30:15,83.7823,14.99968
2020-04-24 11:00:14,83.78143,14.99217
2020-04-24 11:30:15,83.7805,14.98548
2020-04-24 12:00:15,83.7796,14.97915
2020-04-24 12:30:15,83.77869,14.97453
2020-04-24 13:00:14,83.77777,14.97057
2020-04-24 13:30:15,83.77686,14.96729
2020-04-24 14:00:14,83.77612,14.96469
2020-04-24 14:30:14,83.77538,14.96222
2020-04-24 15:00:15,83.77463,14.95947
2020-04-24 15:30:14,83.77395,14.95653
2020-04-24 16:00:15,83.77331,14.95294
2020-04-24 16:30:15,83.77269,14.95028
2020-04-24 17:00:14,83.77208,14.94766
2020-04-24 17:30:15,83.77139,14.94436
2020-04-24 18:00:15,83.77055,14.93924
2020-04-24 18:30:15,83.76962,14.93342
2020-04-24 19:00:14,83.76864,14.92725
2020-04-24 19:30:15,83.76776,14.92071
2020-04-24 20:00:14,83.76689,14.91383
2020-04-24 20:30:14,83.76598,14.90608
2020-04-24 21:00:15,83.76507,14.89765
2020-04-24 21:30:14,83.76413,14.8889
2020-04-24 22:00:15,83.7632,14.87968
2020-04-24 22:30:15,83.76229,14.87064
2020-04-24 23:00:15,83.76134,14.86152
2020-04-24 23:30:14,83.7604,14.85239
2020-04-25 00:00:15,83.75951,14.84321
2020-04-25 00:30:15,83.75863,14.83413
2020-04-25 01:00:14,83.75777,14.82543
2020-04-25 01:30:15,83.75694,14.81743
2020-04-25 02:00:14,83.75624,14.80997
2020-04-25 02:30:15,83.75552,14.80329
2020-04-25 03:00:15,83.7548,14.7974
2020-04-25 03:30:14,83.754,14.79259
2020-04-25 04:00:15,83.75309,14.78839
2020-04-25 04:30:15,83.75216,14.78434
2020-04-25 05:00:15,83.75118,14.78015
2020-04-25 05:30:14,83.75016,14.77576
2020-04-25 06:00:15,83.74902,14.77134
2020-04-25 06:30:14,83.7477,14.76701
2020-04-25 07:00:14,83.74625,14.76252
2020-04-25 07:30:15,83.74464,14.75786
2020-04-25 08:00:14,83.7428,14.75314
2020-04-25 08:30:15,83.74076,14.74927
2020-04-25 09:00:15,83.73862,14.74424
2020-04-25 09:30:14,83.73648,14.73821
2020-04-25 10:00:15,83.73428,14.73302
2020-04-25 10:30:15,83.73208,14.72635
2020-04-25 11:00:15,83.72979,14.72124
2020-04-25 11:30:14,83.72758,14.71651
2020-04-25 12:00:15,83.72537,14.71326
2020-04-25 12:30:14,83.7232,14.71036
2020-04-25 13:00:14,83.721,14.70784
2020-04-25 13:30:15,83.7188,14.70556
2020-04-25 14:00:14,83.71667,14.704
2020-04-25 14:30:15,83.71462,14.70296
2020-04-25 15:00:15,83.71268,14.70249
2020-04-25 15:30:14,83.71076,14.702
2020-04-25 16:00:15,83.70885,14.70157
2020-04-25 16:30:15,83.70702,14.70105
2020-04-25 17:00:15,83.70522,14.70026
2020-04-25 17:30:14,83.70345,14.699
2020-04-25 18:00:15,83.70176,14.69702
2020-04-25 18:30:14,83.7001,14.69474
2020-04-25 19:00:14,83.69843,14.69214
2020-04-25 19:30:15,83.69675,14.68905
2020-04-25 20:00:14,83.69504,14.68532
2020-04-25 20:30:15,83.69327,14.68098
2020-04-25 21:00:15,83.69151,14.67628
2020-04-25 21:30:14,83.68969,14.6712
2020-04-25 22:00:15,83.6879,14.66583
2020-04-25 22:30:15,83.68615,14.66043
2020-04-25 23:00:15,83.68446,14.65508
2020-04-25 23:30:14,83.68282,14.65024
2020-04-26 00:00:15,83.68128,14.64637
2020-04-26 00:30:14,83.67986,14.6434
2020-04-26 01:00:14,83.67856,14.64132
2020-04-26 01:30:15,83.67729,14.63955
2020-04-26 02:00:14,83.67612,14.63798
2020-04-26 02:30:15,83.67509,14.63838
2020-04-26 03:00:15,83.67417,14.63942
2020-04-26 03:30:15,83.67326,14.6401
2020-04-26 04:00:14,83.67235,14.64136
2020-04-26 04:30:15,83.67183,14.64364
2020-04-26 05:00:15,83.67136,14.6455
2020-04-26 05:30:14,83.67089,14.64678
2020-04-26 06:00:15,83.67037,14.64748
2020-04-26 06:30:14,83.66962,14.64863
2020-04-26 07:00:15,83.66864,14.64927
2020-04-26 07:30:15,83.66768,14.64943
2020-04-26 08:00:14,83.66669,14.64913
2020-04-26 08:30:15,83.66554,14.6486
2020-04-26 09:00:15,83.66429,14.64766
2020-04-26 09:30:15,83.66296,14.64623
2020-04-26 10:00:14,83.66156,14.64447
2020-04-26 10:30:15,83.66016,14.64242
2020-04-26 11:00:15,83.65876,14.64026
2020-04-26 11:30:14,83.65739,14.63823
2020-04-26 12:00:15,83.65607,14.63637
2020-04-26 12:30:14,83.65482,14.63484
2020-04-26 13:00:15,83.65364,14.63404
2020-04-26 13:30:15,83.65259,14.63377
2020-04-26 14:00:14,83.65164,14.63392
2020-04-26 14:30:15,83.6508,14.63468
2020-04-26 15:00:15,83.65006,14.63596
2020-04-26 15:30:15,83.6494,14.63765
2020-04-26 16:00:14,83.64883,14.63936
2020-04-26 16:30:15,83.64838,14.64143
2020-04-26 17:00:15,83.64799,14.64337
2020-04-26 17:30:14,83.64764,14.64515
2020-04-26 18:00:15,83.64735,14.6467
2020-04-26 18:30:14,83.64706,14.64834
2020-04-26 19:00:15,83.64676,14.64965
2020-04-26 19:30:15,83.64653,14.65092
2020-04-26 20:00:14,83.64631,14.65169
2020-04-26 20:30:15,83.64604,14.65222
2020-04-26 21:00:15,83.64574,14.65253
2020-04-26 21:30:15,83.6454,14.65257
2020-04-26 22:00:14,83.64508,14.65234
2020-04-26 22:30:15,83.64478,14.65207
2020-04-26 23:00:14,83.64455,14.65193
2020-04-26 23:30:14,83.64437,14.65222
2020-04-27 00:00:15,83.64424,14.65377
2020-04-27 00:30:14,83.64419,14.65558
2020-04-27 01:00:15,83.64415,14.65816
2020-04-27 01:30:15,83.64412,14.66006
2020-04-27 02:00:15,83.64423,14.66322
2020-04-27 02:30:14,83.64456,14.669
2020-04-27 03:00:15,83.6452,14.67653
2020-04-27 03:30:15,83.64603,14.6837
2020-04-27 04:00:14,83.64696,14.69051
2020-04-27 04:30:15,83.64796,14.69738
2020-04-27 05:00:14,83.64906,14.70428
2020-04-27 05:30:15,83.65016,14.71108
2020-04-27 06:00:15,83.65131,14.71761
2020-04-27 06:30:14,83.65245,14.72402
2020-04-27 07:00:15,83.65363,14.73017
2020-04-27 07:30:15,83.65479,14.73604
2020-04-27 08:00:15,83.65591,14.74183
2020-04-27 08:30:14,83.65707,14.7472
2020-04-27 09:00:15,83.65826,14.75198
2020-04-27 09:30:14,83.65928,14.75392
2020-04-27 10:00:14,83.66024,14.75504
2020-04-27 10:30:15,83.66131,14.75659
2020-04-27 11:00:14,83.66254,14.75882
2020-04-27 11:30:15,83.6637,14.76105
2020-04-27 12:00:15,83.66496,14.76532
2020-04-27 12:30:14,83.66637,14.77072
2020-04-27 13:00:15,83.66777,14.77551
2020-04-27 13:30:15,83.66932,14.78295
2020-04-27 14:00:15,83.67108,14.79118
2020-04-27 14:30:14,83.67285,14.80023
2020-04-27 15:00:15,83.67477,14.81063
2020-04-27 15:30:14,83.67684,14.822
2020-04-27 16:00:14,83.67907,14.83379
2020-04-27 16:30:15,83.68141,14.84631
2020-04-27 17:00:14,83.6838,14.85854
2020-04-27 17:30:15,83.68607,14.86971
2020-04-27 18:00:15,83.68817,14.88028
2020-04-27 18:30:14,83.69022,14.8903
2020-04-27 19:00:15,83.69231,14.90019
2020-04-27 19:30:15,83.69464,14.91123
2020-04-27 20:00:15,83.6972,14.92311
2020-04-27 20:30:14,83.69972,14.93558
2020-04-27 21:00:15,83.70221,14.94857
2020-04-27 21:30:14,83.7047,14.96316
2020-04-27 22:00:14,83.70718,14.9788
2020-04-27 22:30:15,83.7096,14.99486
2020-04-27 23:00:14,83.71207,15.01031
2020-04-27 23:30:15,83.71452,15.02692
2020-04-28 00:00:15,83.71701,15.04575
2020-04-28 00:30:14,83.71952,15.06499
2020-04-28 01:00:15,83.72202,15.08559
2020-04-28 01:30:15,83.72456,15.10629
2020-04-28 02:00:15,83.7272,15.12845
2020-04-28 02:30:14,83.72984,15.15182
2020-04-28 03:00:15,83.73238,15.17593
2020-04-28 03:30:15,83.73486,15.19982
2020-04-28 04:00:14,83.73724,15.22404
2020-04-28 04:30:15,83.73962,15.24874
2020-04-28 05:00:14,83.74189,15.27413
2020-04-28 05:30:14,83.74415,15.29893
2020-04-28 06:00:15,83.74638,15.32397
2020-04-28 06:30:14,83.74861,15.34918
2020-04-28 07:00:15,83.75079,15.37425
2020-04-28 07:30:15,83.75296,15.39871
2020-04-28 08:00:15,83.75526,15.42123
2020-04-28 08:30:14,83.75739,15.44475
2020-04-28 09:00:15,83.75941,15.4685
2020-04-28 09:30:15,83.76144,15.49131
2020-04-28 10:00:14,83.76336,15.51358
2020-04-28 10:30:15,83.76504,15.53686
2020-04-28 11:00:14,83.76665,15.55973
2020-04-28 11:30:14,83.76809,15.58276
2020-04-28 12:00:15,83.76937,15.60585
2020-04-28 12:30:14,83.77065,15.62838
2020-04-28 13:00:15,83.77171,15.6524
2020-04-28 13:30:15,83.77252,15.67704
2020-04-28 14:00:14,83.77338,15.70191
2020-04-28 14:30:15,83.77402,15.72692
2020-04-28 15:00:15,83.77449,15.75243
2020-04-28 15:30:15,83.77486,15.77798
2020-04-28 16:00:14,83.77516,15.80429
2020-04-28 16:30:15,83.77538,15.83114
2020-04-28 17:00:15,83.77544,15.85795
2020-04-28 17:30:14,83.77536,15.88479
2020-04-28 18:00:15,83.77522,15.91153
2020-04-28 18:30:14,83.77499,15.93723
2020-04-28 19:00:14,83.7747,15.96169
2020-04-28 19:30:15,83.77441,15.98454
2020-04-28 20:00:14,83.77406,16.00582
2020-04-28 20:30:15,83.77365,16.02555
2020-04-28 21:00:15,83.77316,16.04426
2020-04-28 21:30:14,83.77263,16.06126
2020-04-28 22:00:15,83.772,16.07656
2020-04-28 22:30:15,83.77136,16.09043
2020-04-28 23:00:15,83.77069,16.10273
2020-04-28 23:30:14,83.77,16.11387
2020-04-29 00:00:15,83.76935,16.12435
2020-04-29 00:30:14,83.76876,16.13497
2020-04-29 01:00:14,83.76819,16.14643
2020-04-29 01:30:15,83.76762,16.15837
2020-04-29 02:00:14,83.76704,16.1698
2020-04-29 02:30:15,83.76646,16.17942
2020-04-29 03:00:15,83.766,16.18846
2020-04-29 03:30:14,83.76541,16.19835
2020-04-29 04:00:15,83.76482,16.20932
2020-04-29 04:30:15,83.76421,16.22245
2020-04-29 05:00:15,83.76361,16.23634
2020-04-29 05:30:14,83.76292,16.25012
2020-04-29 06:00:15,83.76222,16.26356
2020-04-29 06:30:15,83.76148,16.27609
2020-04-29 07:00:14,83.76052,16.2873
2020-04-29 07:30:15,83.75941,16.29678
2020-04-29 08:00:14,83.75826,16.30476
2020-04-29 08:30:15,83.75694,16.31123
2020-04-29 09:00:15,83.75548,16.31564
2020-04-29 09:30:14,83.75388,16.31771
2020-04-29 10:00:15,83.75212,16.31803
2020-04-29 10:30:15,83.75024,16.31709
2020-04-29 11:00:15,83.74822,16.31517
2020-04-29 11:30:14,83.74604,16.3128
2020-04-29 12:00:15,83.74364,16.30932
2020-04-29 12:30:15,83.7411,16.30488
2020-04-29 13:00:14,83.73849,16.29981
2020-04-29 13:30:15,83.73586,16.29386
2020-04-29 14:00:14,83.73322,16.2876
2020-04-29 14:30:14,83.73056,16.28141
2020-04-29 15:00:15,83.72794,16.27535
2020-04-29 15:30:14,83.72551,16.26991
2020-04-29 16:00:15,83.72328,16.26594
2020-04-29 16:30:15,83.72111,16.26456
2020-04-29 17:00:14,83.71896,16.26515
2020-04-29 17:30:15,83.7169,16.26723
2020-04-29 18:00:15,83.71488,16.27095
2020-04-29 18:30:15,83.71292,16.27593
2020-04-29 19:00:14,83.71098,16.282
2020-04-29 19:30:15,83.70901,16.28798
2020-04-29 20:00:14,83.70715,16.2937
2020-04-29 20:30:14,83.70545,16.29959
2020-04-29 21:00:15,83.70385,16.30581
2020-04-29 21:30:14,83.70229,16.31207
2020-04-29 22:00:15,83.70069,16.31853
2020-04-29 22:30:15,83.69901,16.32536
2020-04-29 23:00:14,83.69723,16.33163
2020-04-29 23:30:15,83.69552,16.33754
2020-04-30 00:00:15,83.69386,16.34258
2020-04-30 00:30:15,83.69228,16.34743
2020-04-30 01:00:14,83.69076,16.35236
2020-04-30 01:30:15,83.68929,16.35722
2020-04-30 02:00:14,83.68785,16.36223
2020-04-30 02:30:14,83.68653,16.36679
2020-04-30 03:00:15,83.68532,16.37121
2020-04-30 03:30:14,83.68416,16.37587
2020-04-30 04:00:15,83.68316,16.38123
2020-04-30 04:30:15,83.68228,16.38727
2020-04-30 05:00:14,83.68144,16.39398
2020-04-30 05:30:15,83.68063,16.40153
2020-04-30 06:00:15,83.67981,16.40976
2020-04-30 06:30:15,83.67899,16.41878
2020-04-30 07:00:14,83.67812,16.4279
2020-04-30 07:30:15,83.67728,16.43696
2020-04-30 08:00:14,83.67647,16.44615
2020-04-30 08:30:14,83.67564,16.45531
2020-04-30 09:00:15,83.67469,16.46461
2020-04-30 09:30:14,83.6738,16.47334
2020-04-30 10:00:15,83.67292,16.48169
2020-04-30 10:30:15,83.67196,16.48936
2020-04-30 11:00:15,83.67103,16.49619
2020-04-30 11:30:14,83.67007,16.50254
2020-04-30 12:00:15,83.66911,16.50808
2020-04-30 12:30:15,83.66814,16.51275
2020-04-30 13:00:14,83.66718,16.51698
2020-04-30 13:30:15,83.66623,16.52091
2020-04-30 14:00:14,83.66527,16.52459
2020-04-30 14:30:14,83.66436,16.52829
2020-04-30 15:00:15,83.66343,16.53232
2020-04-30 15:30:14,83.66256,16.53675
2020-04-30 16:00:15,83.66174,16.54148
2020-04-30 16:30:15,83.661,16.54713
2020-04-30 17:00:15,83.66039,16.55355
2020-04-30 17:30:14,83.65974,16.56041
2020-04-30 18:00:15,83.65917,16.56851
2020-04-30 18:30:15,83.65871,16.57752
2020-04-30 19:00:14,83.65816,16.5859
2020-04-30 19:30:15,83.65762,16.59355
2020-04-30 20:00:14,83.65709,16.60056
2020-04-30 20:30:14,83.65659,16.60694
2020-04-30 21:00:15,83.65609,16.6126
2020-04-30 21:30:14,83.65562,16.61775
2020-04-30 22:00:15,83.65516,16.62231
2020-04-30 22:30:15,83.65471,16.6262
2020-04-30 23:00:15,83.65429,16.62967
2020-04-30 23:30:14,83.65396,16.63247
2020-05-01 00:00:15,83.65366,16.63523
2020-05-01 00:30:15,83.6534,16.63767
2020-05-01 01:00:14,83.65324,16.63948
2020-05-01 01:30:15,83.65312,16.64135
2020-05-01 02:00:14,83.65305,16.64335
2020-05-01 02:30:15,83.65302,16.64522
2020-05-01 03:00:15,83.65302,16.64754
2020-05-01 03:30:14,83.65308,16.64983
2020-05-01 04:00:15,83.65316,16.65218
2020-05-01 04:30:15,83.65331,16.65507
2020-05-01 05:00:15,83.65352,16.65832
2020-05-01 05:30:14,83.65379,16.66183
2020-05-01 06:00:15,83.65418,16.66589
2020-05-01 06:30:15,83.65464,16.67024
2020-05-01 07:00:14,83.65517,16.67571
2020-05-01 07:30:15,83.65566,16.68047
2020-05-01 08:00:14,83.65614,16.68439
2020-05-01 08:30:15,83.65657,16.68743
2020-05-01 09:00:15,83.65696,16.68965
2020-05-01 09:30:14,83.6574,16.69109
2020-05-01 10:00:15,83.6578,16.69143
2020-05-01 10:30:15,83.65821,16.69031
2020-05-01 11:00:15,83.65856,16.68749
2020-05-01 11:30:14,83.65887,16.68233
2020-05-01 12:00:15,83.65917,16.6759
2020-05-01 12:30:15,83.65945,16.66978
2020-05-01 13:00:14,83.65981,16.66238
2020-05-01 13:30:15,83.66012,16.65348
2020-05-01 14:00:14,83.66042,16.6448
2020-05-01 14:30:14,83.66071,16.63619
2020-05-01 15:00:15,83.66097,16.62848
2020-05-01 15:30:14,83.66116,16.62176
2020-05-01 16:00:15,83.66136,16.61654
2020-05-01 16:30:15,83.66144,16.61275
2020-05-01 17:00:15,83.66137,16.61018
2020-05-01 17:30:14,83.66119,16.60889
2020-05-01 18:00:15,83.6609,16.60892
2020-05-01 18:30:15,83.66053,16.60957
2020-05-01 19:00:14,83.66008,16.61007
2020-05-01 19:30:15,83.65953,16.6102
2020-05-01 20:00:14,83.65899,16.60994
2020-05-01 20:30:14,83.6584,16.60916
2020-05-01 21:00:15,83.6578,16.60781
2020-05-01 21:30:14,83.6573,16.6062
2020-05-01 22:00:15,83.65692,16.60425
2020-05-01 22:30:15,83.65655,16.60183
2020-05-01 23:00:15,83.65614,16.59871
2020-05-01 23:30:14,83.65584,16.59509
2020-05-02 00:00:15,83.65552,16.59123
2020-05-02 00:30:15,83.65519,16.58677
2020-05-02 01:00:14,83.65469,16.5825
2020-05-02 01:30:15,83.65423,16.57827
2020-05-02 02:00:14,83.65405,16.57452
2020-05-02 02:30:14,83.65384,16.57124
2020-05-02 03:00:15,83.65347,16.56854
2020-05-02 03:30:14,83.65297,16.56617
2020-05-02 04:00:15,83.65241,16.56464
2020-05-02 04:30:15,83.65176,16.56388
2020-05-02 05:00:15,83.65105,16.56377
2020-05-02 05:30:14,83.65032,16.56439
2020-05-02 06:00:15,83.64954,16.56565
2020-05-02 06:30:15,83.64874,16.56746
2020-05-02 07:00:14,83.64795,16.56938
2020-05-02 07:30:15,83.64713,16.57169
2020-05-02 08:00:14,83.64631,16.57396
2020-05-02 08:30:15,83.64544,16.5762
2020-05-02 09:00:15,83.64462,16.57847
2020-05-02 09:30:14,83.64376,16.58035
2020-05-02 10:00:15,83.64294,16.58216
2020-05-02 10:30:15,83.64211,16.58366
2020-05-02 11:00:15,83.6413,16.58496
2020-05-02 11:30:14,83.64055,16.58602
2020-05-02 12:00:15,83.63977,16.5867
2020-05-02 12:30:15,83.63902,16.58718
2020-05-02 13:00:14,83.63828,16.5875
2020-05-02 13:30:15,83.6376,16.58742
2020-05-02 14:00:14,83.63688,16.58754
2020-05-02 14:30:15,83.63618,16.58815
2020-05-02 15:00:15,83.6354,16.5895
2020-05-02 15:30:14,83.63461,16.591
2020-05-02 16:00:15,83.6339,16.59278
2020-05-02 16:30:15,83.63313,16.59502
2020-05-02 17:00:15,83.63237,16.59745
2020-05-02 17:30:14,83.63161,16.60013
2020-05-02 18:00:15,83.6308,16.60393
2020-05-02 18:30:15,83.62996,16.60881
2020-05-02 19:00:14,83.6291,16.61445
2020-05-02 19:30:15,83.6282,16.62086
2020-05-02 20:00:14,83.62734,16.62743
2020-05-02 20:30:15,83.62657,16.63404
2020-05-02 21:00:15,83.62584,16.6407
2020-05-02 21:30:14,83.62518,16.6475
2020-05-02 22:00:15,83.6245,16.65459
2020-05-02 22:30:15,83.62383,16.66159
2020-05-02 23:00:15,83.6232,16.66866
2020-05-02 23:30:14,83.62256,16.67537
2020-05-03 00:00:15,83.62196,16.68209
2020-05-03 00:30:14,83.62136,16.68819
2020-05-03 01:00:14,83.62079,16.69396
2020-05-03 01:30:15,83.62029,16.69945
2020-05-03 02:00:14,83.61983,16.70458
2020-05-03 02:30:15,83.61933,16.70917
2020-05-03 03:00:15,83.61896,16.71391
2020-05-03 03:30:15,83.61865,16.71934
2020-05-03 04:00:14,83.61839,16.72535
2020-05-03 04:30:15,83.61836,16.73294
2020-05-03 05:00:15,83.61815,16.74102
2020-05-03 05:30:14,83.618,16.74918
2020-05-03 06:00:15,83.61785,16.758
2020-05-03 06:30:14,83.61785,16.76796
2020-05-03 07:00:15,83.61787,16.77886
2020-05-03 07:30:15,83.61783,16.78998
2020-05-03 08:00:14,83.61789,16.80273
2020-05-03 08:30:15,83.61801,16.81627
2020-05-03 09:00:15,83.61826,16.83124
2020-05-03 09:30:15,83.61852,16.84701
2020-05-03 10:00:14,83.61888,16.86348
2020-05-03 10:30:15,83.6192,16.87998
2020-05-03 11:00:14,83.61953,16.8966
2020-05-03 11:30:14,83.6199,16.91345
2020-05-03 12:00:15,83.62031,16.93031
2020-05-03 12:30:14,83.62072,16.94693
2020-05-03 13:00:15,83.62115,16.96288
2020-05-03 13:30:15,83.62159,16.97806
2020-05-03 14:00:14,83.62195,16.99215
2020-05-03 14:30:15,83.62222,17.00513
2020-05-03 15:00:15,83.62248,17.01697
2020-05-03 15:30:15,83.62267,17.02808
2020-05-03 16:00:14,83.62286,17.03912
2020-05-03 16:30:15,83.62299,17.04938
2020-05-03 17:00:14,83.62308,17.05905
2020-05-03 17:30:14,83.62316,17.06807
2020-05-03 18:00:15,83.6232,17.07741
2020-05-03 18:30:14,83.62321,17.08652
2020-05-03 19:00:15,83.62322,17.09533
2020-05-03 19:30:15,83.6232,17.10396
2020-05-03 20:00:14,83.62318,17.11284
2020-05-03 20:30:15,83.62322,17.12204
2020-05-03 21:00:15,83.62325,17.13132
2020-05-03 21:30:15,83.62332,17.14077
2020-05-03 22:00:14,83.62344,17.1504
2020-05-03 22:30:15,83.62359,17.1599
2020-05-03 23:00:14,83.62376,17.16932
2020-05-03 23:30:14,83.62397,17.17837
2020-05-04 00:00:15,83.62424,17.18712
2020-05-04 00:30:14,83.62454,17.19543
2020-05-04 01:00:15,83.62495,17.20314
2020-05-04 01:30:15,83.62544,17.21031
2020-05-04 02:00:14,83.62598,17.21693
2020-05-04 02:30:15,83.62664,17.22308
2020-05-04 03:00:15,83.62733,17.22867
2020-05-04 03:30:15,83.62804,17.23336
2020-05-04 04:00:14,83.62878,17.23752
2020-05-04 04:30:15,83.62956,17.2413
2020-05-04 05:00:14,83.63032,17.24461
2020-05-04 05:30:14,83.6311,17.24746
2020-05-04 06:00:15,83.63188,17.25023
2020-05-04 06:30:14,83.63268,17.25278
2020-05-04 07:00:15,83.63354,17.25525
2020-05-04 07:30:15,83.63438,17.25775
2020-05-04 08:00:15,83.63527,17.2603
2020-05-04 08:30:14,83.6362,17.26289
2020-05-04 09:00:15,83.63718,17.26567
2020-05-04 09:30:15,83.63827,17.26866
2020-05-04 10:00:14,83.63934,17.27167
2020-05-04 10:30:15,83.64044,17.27469
2020-05-04 11:00:14,83.64159,17.27767
2020-05-04 11:30:14,83.64272,17.2805
2020-05-04 12:00:15,83.64381,17.28295
2020-05-04 12:30:14,83.64492,17.285
2020-05-04 13:00:15,83.64597,17.28635
2020-05-04 13:30:15,83.64699,17.28643
2020-05-04 14:00:15,83.64796,17.28515
2020-05-04 14:30:14,83.64895,17.28285
2020-05-04 15:00:15,83.64992,17.28005
2020-05-04 15:30:15,83.6508,17.27601
2020-05-04 16:00:14,83.65168,17.27172
2020-05-04 16:30:15,83.6525,17.26722
2020-05-04 17:00:14,83.6532,17.26223
2020-05-04 17:30:14,83.65388,17.25652
2020-05-04 18:00:15,83.65452,17.25063
2020-05-04 18:30:14,83.65511,17.24488
2020-05-04 19:00:15,83.65555,17.23969
2020-05-04 19:30:15,83.65589,17.23523
2020-05-04 20:00:15,83.65621,17.2305
2020-05-04 20:30:14,83.65656,17.2259
2020-05-04 21:00:15,83.65685,17.22283
2020-05-04 21:30:15,83.65705,17.22079
2020-05-04 22:00:14,83.65717,17.21975
2020-05-04 22:30:15,83.65725,17.21913
2020-05-04 23:00:14,83.65736,17.21818
2020-05-04 23:30:14,83.65751,17.21682
2020-05-05 00:00:15,83.65769,17.21525
2020-05-05 00:30:14,83.65788,17.21328
2020-05-05 01:00:15,83.6581,17.21084
2020-05-05 01:30:15,83.65832,17.20802
2020-05-05 02:00:15,83.65853,17.20469
2020-05-05 02:30:14,83.65871,17.20093
2020-05-05 03:00:15,83.65887,17.19646
2020-05-05 03:30:15,83.659,17.19127
2020-05-05 04:00:14,83.6592,17.18412
2020-05-05 04:30:15,83.65936,17.17641
2020-05-05 05:00:14,83.65951,17.16829
2020-05-05 05:30:15,83.6596,17.15946
2020-05-05 06:00:15,83.65971,17.1504
2020-05-05 06:30:14,83.65974,17.14142
2020-05-05 07:00:15,83.65978,17.13236
2020-05-05 07:30:15,83.65974,17.12362
2020-05-05 08:00:15,83.65967,17.11566
2020-05-05 08:30:14,83.65958,17.10587
2020-05-05 09:00:15,83.65939,17.09777
2020-05-05 09:30:15,83.65916,17.09003
2020-05-05 10:00:14,83.65883,17.08228
2020-05-05 10:30:15,83.65835,17.07343
2020-05-05 11:00:14,83.65784,17.0661
2020-05-05 11:30:14,83.6573,17.05977
2020-05-05 12:00:15,83.65676,17.0535
2020-05-05 12:30:14,83.65619,17.04726
2020-05-05 13:00:15,83.65555,17.041
2020-05-05 13:30:15,83.65489,17.03434
2020-05-05 14:00:14,83.65425,17.02743
2020-05-05 14:30:15,83.65359,17.01988
2020-05-05 15:00:15,83.65293,17.01181
2020-05-05 15:30:15,83.65229,17.00286
2020-05-05 16:00:14,83.65163,16.99342
2020-05-05 16:30:15,83.65105,16.98294
2020-05-05 17:00:15,83.65049,16.97191
2020-05-05 17:30:14,83.64995,16.9604
2020-05-05 18:00:15,83.64951,16.94854
2020-05-05 18:30:14,83.64902,16.93687
2020-05-05 19:00:15,83.64857,16.92518
2020-05-05 19:30:15,83.64811,16.91395
2020-05-05 20:00:14,83.64764,16.90321
2020-05-05 20:30:15,83.64715,16.89303
2020-05-05 21:00:15,83.64669,16.883
2020-05-05 21:30:15,83.64626,16.8742
2020-05-05 22:00:14,83.64581,16.86681
2020-05-05 22:30:15,83.6454,16.86058
2020-05-05 23:00:15,83.645,16.85528
2020-05-05 23:30:14,83.64458,16.85079
2020-05-06 00:00:15,83.64416,16.847
2020-05-06 00:30:14,83.64371,16.84338
2020-05-06 01:00:15,83.64326,16.83972
2020-05-06 01:30:15,83.64285,16.83579
2020-05-06 02:00:14,83.64246,16.83146
2020-05-06 02:30:15,83.64204,16.82622
2020-05-06 03:00:15,83.64164,16.82013
2020-05-06 03:30:15,83.64114,16.81304
2020-05-06 04:00:14,83.64071,16.80512
2020-05-06 04:30:15,83.64069,16.7968
2020-05-06 05:00:15,83.64117,16.78831
2020-05-06 05:30:14,83.64175,16.77873
2020-05-06 06:00:15,83.64212,16.76771
2020-05-06 06:30:14,83.64243,16.75763
2020-05-06 07:00:14,83.64289,16.74451
2020-05-06 07:30:15,83.64305,16.73185
2020-05-06 08:00:14,83.64289,16.71902
2020-05-06 08:30:15,83.64246,16.70665
2020-05-06 09:00:15,83.64204,16.69523
2020-05-06 09:30:14,83.64168,16.68476
2020-05-06 10:00:15,83.64152,16.67399
2020-05-06 10:30:15,83.64166,16.66374
2020-05-06 11:00:15,83.64225,16.65385
2020-05-06 11:30:14,83.64297,16.6445
2020-05-06 12:00:15,83.64371,16.63542
2020-05-06 12:30:14,83.64445,16.62648
2020-05-06 13:00:14,83.64521,16.61736
2020-05-06 13:30:15,83.64596,16.60761
2020-05-06 14:00:14,83.64676,16.59756
2020-05-06 14:30:15,83.64767,16.58659
2020-05-06 15:00:15,83.64867,16.57472
2020-05-06 15:30:14,83.64972,16.56124
2020-05-06 16:00:15,83.65057,16.54776
2020-05-06 16:30:15,83.65134,16.53333
2020-05-06 17:00:15,83.65234,16.51687
2020-05-06 17:30:14,83.65356,16.4994
2020-05-06 18:00:15,83.65469,16.48148
2020-05-06 18:30:15,83.65555,16.46368
2020-05-06 19:00:14,83.65632,16.44559
2020-05-06 19:30:15,83.65707,16.42728
2020-05-06 20:00:14,83.65776,16.40808
2020-05-06 20:30:15,83.65855,16.38779
2020-05-06 21:00:15,83.65913,16.36873
2020-05-06 21:30:14,83.65972,16.34912
2020-05-06 22:00:15,83.66019,16.33022
2020-05-06 22:30:15,83.66056,16.31223
2020-05-06 23:00:15,83.66084,16.29484
2020-05-06 23:30:14,83.661,16.27782
2020-05-07 00:00:15,83.66108,16.26116
2020-05-07 00:30:15,83.66108,16.24405
2020-05-07 01:00:14,83.66104,16.22637
2020-05-07 01:30:15,83.6609,16.20807
2020-05-07 02:00:14,83.66069,16.18925
2020-05-07 02:30:15,83.66052,16.16951
2020-05-07 03:00:15,83.66035,16.14879
2020-05-07 03:30:14,83.6602,16.12702
2020-05-07 04:00:15,83.66005,16.10394
2020-05-07 04:30:15,83.65993,16.07956
2020-05-07 05:00:15,83.65978,16.05411
2020-05-07 05:30:14,83.65961,16.02764
2020-05-07 06:00:15,83.65942,16.00003
2020-05-07 06:30:14,83.65924,15.9713
2020-05-07 07:00:14,83.65905,15.9417
2020-05-07 07:30:15,83.65884,15.91145
2020-05-07 08:00:14,83.65855,15.881
2020-05-07 08:30:15,83.65819,15.85048
2020-05-07 09:00:15,83.65778,15.81975
2020-05-07 09:30:14,83.65732,15.78919
2020-05-07 10:00:15,83.65678,15.759
2020-05-07 10:30:15,83.65619,15.72927
2020-05-07 11:00:15,83.65548,15.69978
2020-05-07 11:30:14,83.65473,15.67055
2020-05-07 12:00:15,83.65392,15.6419
2020-05-07 12:30:14,83.65305,15.61392
2020-05-07 13:00:14,83.65218,15.58583
2020-05-07 13:30:15,83.65124,15.558
2020-05-07 14:00:14,83.65028,15.53095
2020-05-07 14:30:15,83.64927,15.50434
2020-05-07 15:00:15,83.64825,15.47717
2020-05-07 15:30:14,83.64726,15.4497
2020-05-07 16:00:15,83.64626,15.42153
2020-05-07 16:30:15,83.6452,15.39326
2020-05-07 17:00:15,83.6441,15.36454
2020-05-07 17:30:14,83.64297,15.33563
2020-05-07 18:00:15,83.64172,15.30634
2020-05-07 18:30:14,83.64036,15.27726
2020-05-07 19:00:14,83.63892,15.24795
2020-05-07 19:30:15,83.63734,15.21876
2020-05-07 20:00:14,83.63568,15.18986
2020-05-07 20:30:15,83.63393,15.16132
2020-05-07 21:00:15,83.63213,15.13336
2020-05-07 21:30:14,83.63026,15.10624
2020-05-07 22:00:15,83.6283,15.08014
2020-05-07 22:30:15,83.62634,15.05495
2020-05-07 23:00:15,83.62434,15.0305
2020-05-07 23:30:14,83.62233,15.00732
2020-05-08 00:00:15,83.62022,14.98538
2020-05-08 00:30:14,83.61808,14.96365
2020-05-08 01:00:14,83.61592,14.94209
2020-05-08 01:30:15,83.61382,14.92006
2020-05-08 02:00:14,83.61168,14.89921
2020-05-08 02:30:15,83.60949,14.87806
2020-05-08 03:00:15,83.60717,14.85536
2020-05-08 03:30:15,83.6048,14.83279
2020-05-08 04:00:14,83.60242,14.80998
2020-05-08 04:30:15,83.60005,14.78738
2020-05-08 05:00:15,83.59766,14.76302
2020-05-08 05:30:14,83.59527,14.73675
2020-05-08 06:00:15,83.59279,14.70892
2020-05-08 06:30:14,83.59032,14.67974
2020-05-08 07:00:15,83.58783,14.64946
2020-05-08 07:30:15,83.58533,14.61815
2020-05-08 08:00:14,83.58282,14.58617
2020-05-08 08:30:15,83.58031,14.55371
2020-05-08 09:00:15,83.57779,14.52067
2020-05-08 09:30:15,83.57531,14.48685
2020-05-08 10:00:14,83.57288,14.45329
2020-05-08 10:30:15,83.57044,14.42063
2020-05-08 11:00:15,83.56816,14.38838
2020-05-08 11:30:14,83.56601,14.35719
2020-05-08 12:00:15,83.56403,14.32676
2020-05-08 12:30:14,83.56221,14.29788
2020-05-08 13:00:15,83.56048,14.2694
2020-05-08 13:30:15,83.55885,14.24118
2020-05-08 14:00:14,83.55728,14.21296
2020-05-08 14:30:15,83.55582,14.18424
2020-05-08 15:00:15,83.55454,14.15499
2020-05-08 15:30:15,83.55338,14.12617
2020-05-08 16:00:14,83.55215,14.09824
2020-05-08 16:30:15,83.55104,14.07
2020-05-08 17:00:14,83.55001,14.04076
2020-05-08 17:30:14,83.54905,14.01126
2020-05-08 18:00:15,83.54807,13.98145
2020-05-08 18:30:14,83.54704,13.95151
2020-05-08 19:00:15,83.54587,13.92117
2020-05-08 19:30:15,83.54459,13.89041
2020-05-08 20:00:14,83.54321,13.85996
2020-05-08 20:30:15,83.5418,13.83058
2020-05-08 21:00:15,83.54021,13.80254
2020-05-08 21:30:15,83.53856,13.77479
2020-05-08 22:00:14,83.5369,13.74698
2020-05-08 22:30:15,83.53513,13.71996
2020-05-08 23:00:14,83.53333,13.69262
2020-05-08 23:30:15,83.53139,13.66555
2020-05-09 00:00:15,83.52937,13.63984
2020-05-09 00:30:14,83.52736,13.61517
2020-05-09 01:00:15,83.52531,13.59176
2020-05-09 01:30:15,83.52322,13.56936
2020-05-09 02:00:15,83.52119,13.54725
2020-05-09 02:30:14,83.5191,13.52642
2020-05-09 03:00:15,83.51717,13.50542
2020-05-09 03:30:14,83.51532,13.48452
2020-05-09 04:00:14,83.51352,13.46344
2020-05-09 04:30:15,83.51175,13.44269
2020-05-09 05:00:14,83.50993,13.42318
2020-05-09 05:30:15,83.50806,13.40534
2020-05-09 06:00:15,83.50621,13.38671
2020-05-09 06:30:15,83.50435,13.36658
2020-05-09 07:00:14,83.50244,13.3468
2020-05-09 07:30:15,83.5005,13.32734
2020-05-09 08:00:15,83.49848,13.30851
2020-05-09 08:30:14,83.49617,13.2921
2020-05-09 09:00:15,83.49376,13.27577
2020-05-09 09:30:14,83.49151,13.25738
2020-05-09 10:00:15,83.48917,13.23742
2020-05-09 10:30:15,83.4868,13.21814
2020-05-09 11:00:14,83.48434,13.19948
2020-05-09 11:30:15,83.48174,13.18337
2020-05-09 12:00:15,83.47923,13.16939
2020-05-09 12:30:15,83.47669,13.15617
2020-05-09 13:00:14,83.47417,13.14556
2020-05-09 13:30:15,83.47166,13.13517
2020-05-09 14:00:14,83.46916,13.12621
2020-05-09 14:30:14,83.46668,13.11879
2020-05-09 15:00:15,83.46431,13.11207
2020-05-09 15:30:14,83.46209,13.10525
2020-05-09 16:00:15,83.45993,13.09749
2020-05-09 16:30:15,83.45781,13.08936
2020-05-09 17:00:15,83.45573,13.08039
2020-05-09 17:30:14,83.45368,13.07118
2020-05-09 18:00:15,83.45164,13.06122
2020-05-09 18:30:15,83.44958,13.05046
2020-05-09 19:00:14,83.44749,13.03937
2020-05-09 19:30:15,83.44534,13.0283
2020-05-09 20:00:14,83.44299,13.01676
2020-05-09 20:30:15,83.44065,13.00392
2020-05-09 21:00:15,83.43836,12.99014
2020-05-09 21:30:14,83.4361,12.97607
2020-05-09 22:00:15,83.43387,12.96189
2020-05-09 22:30:15,83.43166,12.94802
2020-05-09 23:00:15,83.4295,12.93483
2020-05-09 23:30:14,83.42735,12.92335
2020-05-10 00:00:15,83.42528,12.91319
2020-05-10 00:30:14,83.42326,12.90346
2020-05-10 01:00:14,83.4213,12.89466
2020-05-10 01:30:15,83.41937,12.88681
2020-05-10 02:00:14,83.4175,12.88034
2020-05-10 02:30:15,83.41565,12.87512
2020-05-10 03:00:15,83.41381,12.8702
2020-05-10 03:30:15,83.412,12.86481
2020-05-10 04:00:14,83.41012,12.85921
2020-05-10 04:30:15,83.40828,12.85352
2020-05-10 05:00:14,83.40639,12.8473
2020-05-10 05:30:14,83.4044,12.84052
2020-05-10 06:00:15,83.40231,12.83308
2020-05-10 06:30:14,83.40009,12.82405
2020-05-10 07:00:15,83.39774,12.81361
2020-05-10 07:30:15,83.3952,12.80208
2020-05-10 08:00:15,83.39253,12.78954
2020-05-10 08:30:14,83.38973,12.77625
2020-05-10 09:00:15,83.38681,12.7621
2020-05-10 09:30:15,83.38377,12.74766
2020-05-10 10:00:14,83.38068,12.73298
2020-05-10 10:30:15,83.37749,12.71819
2020-05-10 11:00:14,83.37424,12.70356
2020-05-10 11:30:15,83.37092,12.68898
2020-05-10 12:00:15,83.36756,12.67482
2020-05-10 12:30:14,83.36417,12.6611
2020-05-10 13:00:15,83.36077,12.6479
2020-05-10 13:30:15,83.35736,12.63517
2020-05-10 14:00:15,83.35394,12.62338
2020-05-10 14:30:14,83.35052,12.61232
2020-05-10 15:00:15,83.34712,12.60184
2020-05-10 15:30:14,83.34379,12.59235
2020-05-10 16:00:14,83.34053,12.58339
2020-05-10 16:30:15,83.3373,12.57449
2020-05-10 17:00:14,83.33413,12.56576
2020-05-10 17:30:15,83.33096,12.55705
2020-05-10 18:00:15,83.32777,12.54825
2020-05-10 18:30:15,83.32457,12.53908
2020-05-10 19:00:14,83.32137,12.52945
2020-05-10 19:30:15,83.31812,12.51947
2020-05-10 20:00:15,83.31488,12.50911
2020-05-10 20:30:14,83.31164,12.49823
2020-05-10 21:00:15,83.30839,12.48682
2020-05-10 21:30:14,83.30515,12.47539
2020-05-10 22:00:15,83.30186,12.46379
2020-05-10 22:30:15,83.29855,12.45234
2020-05-10 23:00:15,83.29523,12.44105
2020-05-10 23:30:14,83.29193,12.43044
2020-05-11 00:00:15,83.28863,12.42057
2020-05-11 00:30:15,83.28535,12.41151
2020-05-11 01:00:14,83.28214,12.40356
2020-05-11 01:30:15,83.27892,12.3969
2020-05-11 02:00:14,83.27575,12.39151
2020-05-11 02:30:15,83.27258,12.38762
2020-05-11 03:00:15,83.2694,12.38478
2020-05-11 03:30:14,83.26621,12.38316
2020-05-11 04:00:15,83.26297,12.38251
2020-05-11 04:30:15,83.25972,12.38286
2020-05-11 05:00:15,83.25642,12.38355
2020-05-11 05:30:14,83.25308,12.38403
2020-05-11 06:00:15,83.24964,12.38452
2020-05-11 06:30:14,83.24615,12.38505
2020-05-11 07:00:15,83.24258,12.38569
2020-05-11 07:30:15,83.23889,12.38642
2020-05-11 08:00:14,83.23518,12.38701
2020-05-11 08:30:15,83.23136,12.38726
2020-05-11 09:00:15,83.22749,12.38706
2020-05-11 09:30:15,83.22359,12.38636
2020-05-11 10:00:14,83.21967,12.38504
2020-05-11 10:30:15,83.21574,12.38338
2020-05-11 11:00:14,83.2118,12.38103
2020-05-11 11:30:14,83.20789,12.37833
2020-05-11 12:00:15,83.20403,12.37597
2020-05-11 12:30:14,83.2002,12.37391
2020-05-11 13:00:15,83.19641,12.37207
2020-05-11 13:30:15,83.1927,12.37086
2020-05-11 14:00:15,83.18903,12.37043
2020-05-11 14:30:14,83.18546,12.37048
2020-05-11 15:00:15,83.18192,12.37106
2020-05-11 15:30:15,83.17845,12.37185
2020-05-11 16:00:14,83.17506,12.3724
2020-05-11 16:30:15,83.17178,12.3727
2020-05-11 17:00:14,83.16864,12.37264
2020-05-11 17:30:15,83.16563,12.37214
2020-05-11 18:00:15,83.16277,12.37098
2020-05-11 18:30:14,83.16008,12.36914
2020-05-11 19:00:15,83.15751,12.36668
2020-05-11 19:30:15,83.15503,12.36417
2020-05-11 20:00:15,83.15266,12.36147
2020-05-11 20:30:14,83.15045,12.35808
2020-05-11 21:00:15,83.14833,12.35386
2020-05-11 21:30:14,83.14636,12.34924
2020-05-11 22:00:14,83.14446,12.34418
2020-05-11 22:30:15,83.14268,12.33904
2020-05-11 23:00:14,83.14098,12.33372
2020-05-11 23:30:15,83.13937,12.32833
2020-05-12 00:00:15,83.13784,12.3232
2020-05-12 00:30:14,83.13638,12.31822
2020-05-12 01:00:15,83.13504,12.31336
2020-05-12 01:30:15,83.13369,12.30879
2020-05-12 02:00:15,83.13242,12.30447
2020-05-12 02:30:14,83.13124,12.30048
2020-05-12 03:00:15,83.13013,12.29637
2020-05-12 03:30:14,83.12908,12.2927
2020-05-12 04:00:14,83.12814,12.28917
2020-05-12 04:30:15,83.12727,12.28514
2020-05-12 05:00:14,83.12652,12.28044
2020-05-12 05:30:15,83.12582,12.27472
2020-05-12 06:00:15,83.12528,12.26794
2020-05-12 06:30:15,83.12486,12.25959
2020-05-12 07:00:14,83.12453,12.24957
2020-05-12 07:30:15,83.12432,12.23789
2020-05-12 08:00:15,83.12418,12.22433
2020-05-12 08:30:14,83.12409,12.20908
2020-05-12 09:00:15,83.12411,12.19223
2020-05-12 09:30:14,83.12431,12.17334
2020-05-12 10:00:15,83.12447,12.15307
2020-05-12 10:30:15,83.12456,12.13199
2020-05-12 11:00:14,83.12476,12.1096
2020-05-12 11:30:15,83.125,12.08623
2020-05-12 12:00:15,83.12523,12.06227
2020-05-12 12:30:15,83.12532,12.03724
2020-05-12 13:00:14,83.12516,12.01283
2020-05-12 13:30:15,83.1248,11.98807
2020-05-12 14:00:15,83.12431,11.96361
2020-05-12 14:30:14,83.12368,11.93915
2020-05-12 15:00:15,83.12286,11.91328
2020-05-12 15:30:14,83.12195,11.8866
2020-05-12 16:00:15,83.1209,11.85954
2020-05-12 16:30:15,83.11969,11.83125
2020-05-12 17:00:14,83.11824,11.79991
2020-05-12 17:30:15,83.11662,11.76717
2020-05-12 18:00:15,83.11476,11.73142
2020-05-12 18:30:15,83.11277,11.69536
2020-05-12 19:00:14,83.11072,11.65597
2020-05-12 19:30:15,83.10857,11.61634
2020-05-12 20:00:14,83.10626,11.57579
2020-05-12 20:30:14,83.10404,11.53228
2020-05-12 21:00:15,83.10169,11.489
2020-05-12 21:30:14,83.09927,11.44582
2020-05-12 22:00:15,83.09677,11.40273
2020-05-12 22:30:15,83.09408,11.35839
2020-05-12 23:00:15,83.09113,11.31181
2020-05-12 23:30:14,83.08803,11.26276
2020-05-13 00:00:15,83.08482,11.21124
2020-05-13 00:30:15,83.08191,11.15526
2020-05-13 01:00:14,83.07941,11.09608
2020-05-13 01:30:15,83.07726,11.03402
2020-05-13 02:00:14,83.07537,10.97165
2020-05-13 02:30:15,83.07372,10.90993
2020-05-13 03:00:15,83.07236,10.84842
2020-05-13 03:30:14,83.07109,10.7888
2020-05-13 04:00:15,83.0695,10.73378
2020-05-13 04:30:15,83.06815,10.68089
2020-05-13 05:00:15,83.06705,10.63032
2020-05-13 05:30:14,83.06622,10.58049
2020-05-13 06:00:15,83.06527,10.53181
2020-05-13 06:30:15,83.06422,10.48555
2020-05-13 07:00:14,83.06308,10.44118
2020-05-13 07:30:15,83.06171,10.39776
2020-05-13 08:00:14,83.06008,10.35508
2020-05-13 08:30:15,83.05835,10.31415
2020-05-13 09:00:15,83.05656,10.27254
2020-05-13 09:30:14,83.05508,10.23182
2020-05-13 10:00:15,83.05388,10.19077
2020-05-13 10:30:15,83.05245,10.15067
2020-05-13 11:00:15,83.0509,10.11255
2020-05-13 11:30:14,83.04919,10.07546
2020-05-13 12:00:15,83.04771,10.03942
2020-05-13 12:30:15,83.04633,10.00358
2020-05-13 13:00:14,83.04528,9.96827
2020-05-13 13:30:15,83.04456,9.93224
2020-05-13 14:00:14,83.04408,9.89727
2020-05-13 14:30:15,83.04376,9.86407
2020-05-13 15:00:15,83.04357,9.83372
2020-05-13 15:30:14,83.04343,9.80669
2020-05-13 16:00:15,83.04327,9.7824
2020-05-13 16:30:15,83.0432,9.76059
2020-05-13 17:00:15,83.0433,9.74025
2020-05-13 17:30:14,83.04343,9.72231
2020-05-13 18:00:15,83.04359,9.7057
2020-05-13 18:30:15,83.04393,9.69265
2020-05-13 19:00:14,83.04435,9.68259
2020-05-13 19:30:15,83.04501,9.66929
2020-05-13 20:00:14,83.04573,9.65715
2020-05-13 20:30:14,83.0464,9.65053
2020-05-13 21:00:15,83.04744,9.6416
2020-05-13 21:30:14,83.04852,9.63317
2020-05-13 22:00:15,83.04969,9.62282
2020-05-13 22:30:15,83.05088,9.61148
2020-05-13 23:00:15,83.05213,9.59986
2020-05-13 23:30:14,83.05338,9.58808
2020-05-14 00:00:15,83.0547,9.57466
2020-05-14 00:30:15,83.05582,9.56206
2020-05-14 01:00:14,83.05684,9.54959
2020-05-14 01:30:15,83.05782,9.53642
2020-05-14 02:00:14,83.05876,9.52462
2020-05-14 02:30:15,83.05967,9.51391
2020-05-14 03:00:15,83.06055,9.50436
2020-05-14 03:30:14,83.06142,9.49567
2020-05-14 04:00:15,83.06237,9.48848
2020-05-14 04:30:15,83.06336,9.48203
2020-05-14 05:00:15,83.06437,9.47647
2020-05-14 05:30:14,83.06535,9.47133
2020-05-14 06:00:15,83.06622,9.46714
2020-05-14 06:30:15,83.06699,9.46364
2020-05-14 07:00:14,83.06764,9.46033
2020-05-14 07:30:15,83.0682,9.45589
2020-05-14 08:00:14,83.06859,9.45171
2020-05-14 08:30:15,83.06886,9.44717
2020-05-14 09:00:15,83.06902,9.44201
2020-05-14 09:30:14,83.06908,9.43629
2020-05-14 10:00:15,83.06904,9.43112
2020-05-14 10:30:15,83.06873,9.42795
2020-05-14 11:00:15,83.0682,9.42597
2020-05-14 11:30:14,83.06775,9.42111
2020-05-14 12:00:15,83.06697,9.41835
2020-05-14 12:30:15,83.06631,9.41304
2020-05-14 13:00:14,83.06554,9.40915
2020-05-14 13:30:15,83.0646,9.40637
2020-05-14 14:00:14,83.0638,9.40289
2020-05-14 14:30:14,83.06304,9.39814
2020-05-14 15:00:15,83.06224,9.39164
2020-05-14 15:30:14,83.06136,9.38346
2020-05-14 16:00:15,83.06035,9.37507
2020-05-14 16:30:15,83.0592,9.3677
2020-05-14 17:00:15,83.05798,9.35947
2020-05-14 17:30:14,83.05685,9.3518
2020-05-14 18:00:15,83.05566,9.34656
2020-05-14 18:30:15,83.0545,9.34145
2020-05-14 19:00:14,83.05338,9.33703
2020-05-14 19:30:15,83.05228,9.33153
2020-05-14 20:00:14,83.05135,9.3257
2020-05-14 20:30:14,83.05058,9.31833
2020-05-14 21:00:15,83.04995,9.30925
2020-05-14 21:30:14,83.04947,9.29893
2020-05-14 22:00:15,83.04913,9.28724
2020-05-14 22:30:15,83.04894,9.27452
2020-05-14 23:00:14,83.04892,9.26003
2020-05-14 23:30:15,83.0489,9.24485
2020-05-15 00:00:15,83.04863,9.23287
2020-05-15 00:30:15,83.04861,9.21796
2020-05-15 01:00:14,83.04883,9.20173
2020-05-15 01:30:15,83.04906,9.18657
2020-05-15 02:00:14,83.04968,9.16982
2020-05-15 02:30:14,83.05029,9.15338
2020-05-15 03:00:15,83.05095,9.13867
2020-05-15 03:30:14,83.05164,9.12401
2020-05-15 04:00:15,83.05244,9.10736
2020-05-15 04:30:15,83.05324,9.09101
2020-05-15 05:00:14,83.05404,9.07545
2020-05-15 05:30:15,83.05479,9.06027
2020-05-15 06:00:15,83.05556,9.04499
2020-05-15 06:30:15,83.05634,9.03059
2020-05-15 07:00:14,83.05709,9.01635
2020-05-15 07:30:15,83.05773,9.00333
2020-05-15 08:00:14,83.05841,8.98969
2020-05-15 08:30:14,83.05908,8.97618
2020-05-15 09:00:15,83.05975,8.96274
2020-05-15 09:30:14,83.06041,8.94901
2020-05-15 10:00:15,83.06104,8.93488
2020-05-15 10:30:15,83.0616,8.92066
2020-05-15 11:00:14,83.06215,8.9059
2020-05-15 11:30:15,83.06264,8.89084
2020-05-15 12:00:15,83.06308,8.87553
2020-05-15 12:30:15,83.06349,8.85954
2020-05-15 13:00:14,83.06385,8.84336
2020-05-15 13:30:15,83.06422,8.82743
2020-05-15 14:00:15,83.06458,8.8117
2020-05-15 14:30:14,83.0649,8.79631
2020-05-15 15:00:15,83.06512,8.78188
2020-05-15 15:30:14,83.06525,8.76725
2020-05-15 16:00:15,83.0652,8.7562
2020-05-15 16:30:15,83.06515,8.74637
2020-05-15 17:00:14,83.065,8.73959
2020-05-15 17:30:15,83.06476,8.73838
2020-05-15 18:00:15,83.06451,8.73739
2020-05-15 18:30:15,83.06422,8.73666
2020-05-15 19:00:14,83.064,8.73597
2020-05-15 19:30:15,83.06379,8.73535
2020-05-15 20:00:15,83.06365,8.73508
2020-05-15 20:30:14,83.06355,8.7349
2020-05-15 21:00:15,83.06344,8.73427
2020-05-15 21:30:14,83.06332,8.73383
2020-05-15 22:00:14,83.06322,8.73348
2020-05-15 22:30:15,83.06315,8.73312
2020-05-15 23:00:14,83.06308,8.7327
2020-05-15 23:30:15,83.06293,8.73046
2020-05-16 00:00:15,83.06292,8.7266
2020-05-16 00:30:15,83.06285,8.72556
2020-05-16 01:00:14,83.06278,8.72509
2020-05-16 01:30:15,83.06278,8.72423
2020-05-16 02:00:15,83.06271,8.72218
2020-05-16 02:30:14,83.06264,8.7184
2020-05-16 03:00:15,83.06267,8.71424
2020-05-16 03:30:14,83.06269,8.71351
2020-05-16 04:00:15,83.06271,8.71354
2020-05-16 04:30:15,83.06271,8.71332
2020-05-16 05:00:14,83.06268,8.71333
2020-05-16 05:30:15,83.06264,8.7134
2020-05-16 06:00:15,83.06263,8.71341
2020-05-16 06:30:15,83.06261,8.71342
2020-05-16 07:00:14,83.0626,8.7134
2020-05-16 07:30:15,83.0626,8.71346
2020-05-16 08:00:15,83.06258,8.71348
2020-05-16 08:30:14,83.06256,8.7134
2020-05-16 09:00:15,83.06253,8.71342
2020-05-16 09:30:14,83.06251,8.71339
2020-05-16 10:00:15,83.06245,8.71336
2020-05-16 10:30:15,83.06239,8.71331
2020-05-16 11:00:14,83.06226,8.71323
2020-05-16 11:30:15,83.06215,8.71317
2020-05-16 12:00:15,83.06197,8.71309
2020-05-16 12:30:15,83.06183,8.71277
2020-05-16 13:00:14,83.06165,8.71228
2020-05-16 13:30:15,83.06145,8.71172
2020-05-16 14:00:15,83.06121,8.71106
2020-05-16 14:30:14,83.06092,8.70988
2020-05-16 15:00:15,83.06062,8.70876
2020-05-16 15:30:14,83.0603,8.70774
2020-05-16 16:00:14,83.05997,8.70695
2020-05-16 16:30:15,83.05967,8.70607
2020-05-16 17:00:14,83.05936,8.70555
2020-05-16 17:30:15,83.05905,8.70545
2020-05-16 18:00:15,83.0588,8.70547
2020-05-16 18:30:15,83.05856,8.70555
2020-05-16 19:00:14,83.05832,8.70555
2020-05-16 19:30:15,83.05807,8.70553
2020-05-16 20:00:15,83.05784,8.70545
2020-05-16 20:30:14,83.05766,8.70537
2020-05-16 21:00:15,83.05746,8.70516
2020-05-16 21:30:14,83.0573,8.70489
2020-05-16 22:00:14,83.05716,8.70457
2020-05-16 22:30:15,83.05701,8.70414
2020-05-16 23:00:14,83.05688,8.70373
2020-05-16 23:30:15,83.05677,8.70317
2020-05-17 00:00:15,83.05666,8.70263
2020-05-17 00:30:15,83.05657,8.70208
2020-05-17 01:00:14,83.05647,8.70142
2020-05-17 01:30:15,83.05634,8.70106
2020-05-17 02:00:15,83.05618,8.70058
2020-05-17 02:30:14,83.056,8.70016
2020-05-17 03:00:15,83.05582,8.69933
2020-05-17 03:30:14,83.05563,8.69885
2020-05-17 04:00:15,83.05545,8.69853
2020-05-17 04:30:15,83.05524,8.69795
2020-05-17 05:00:14,83.05499,8.69734
2020-05-17 05:30:15,83.05473,8.69639
2020-05-17 06:00:15,83.05448,8.69559
2020-05-17 06:30:15,83.0542,8.69491
2020-05-17 07:00:14,83.05391,8.69431
2020-05-17 07:30:15,83.0536,8.69359
2020-05-17 08:00:15,83.05325,8.69267
2020-05-17 08:30:14,83.05292,8.69183
2020-05-17 09:00:15,83.05256,8.69106
2020-05-17 09:30:14,83.0522,8.68962
2020-05-17 10:00:15,83.05183,8.68818
2020-05-17 10:30:15,83.05145,8.68709
2020-05-17 11:00:14,83.05106,8.68569
2020-05-17 11:30:15,83.05064,8.68396
2020-05-17 12:00:15,83.0502,8.68127
2020-05-17 12:30:15,83.04972,8.67782
2020-05-17 13:00:14,83.04921,8.67336
2020-05-17 13:30:15,83.04872,8.66806
2020-05-17 14:00:15,83.04816,8.66224
2020-05-17 14:30:14,83.04762,8.6557
2020-05-17 15:00:15,83.04703,8.64882
2020-05-17 15:30:14,83.04644,8.6418
2020-05-17 16:00:15,83.04581,8.6345
2020-05-17 16:30:15,83.0452,8.62694
2020-05-17 17:00:14,83.0446,8.61961
2020-05-17 17:30:15,83.044,8.61258
2020-05-17 18:00:15,83.04339,8.60585
2020-05-17 18:30:15,83.04277,8.59943
2020-05-17 19:00:14,83.04218,8.59364
2020-05-17 19:30:15,83.04157,8.58836
2020-05-17 20:00:15,83.04093,8.58335
2020-05-17 20:30:14,83.04032,8.57881
2020-05-17 21:00:15,83.03968,8.57446
2020-05-17 21:30:14,83.03902,8.57003
2020-05-17 22:00:14,83.0384,8.56566
2020-05-17 22:30:15,83.03777,8.56133
2020-05-17 23:00:14,83.03717,8.55686
2020-05-17 23:30:15,83.03653,8.55233
2020-05-18 00:00:15,83.03592,8.54761
2020-05-18 00:30:15,83.03524,8.54276
2020-05-18 01:00:14,83.03452,8.53814
2020-05-18 01:30:15,83.0338,8.53352
2020-05-18 02:00:15,83.03305,8.52874
2020-05-18 02:30:14,83.03235,8.52378
2020-05-18 03:00:15,83.03164,8.51906
2020-05-18 03:30:14,83.03098,8.51479
2020-05-18 04:00:15,83.03028,8.51077
2020-05-18 04:30:15,83.02956,8.50712
2020-05-18 05:00:14,83.02879,8.50387
2020-05-18 05:30:15,83.028,8.5009
2020-05-18 06:00:15,83.02713,8.49811
2020-05-18 06:30:15,83.02618,8.49544
2020-05-18 07:00:14,83.02515,8.49309
2020-05-18 07:30:15,83.02406,8.49119
2020-05-18 08:00:15,83.02299,8.48969
2020-05-18 08:30:14,83.0219,8.48849
2020-05-18 09:00:15,83.02074,8.4879
2020-05-18 09:30:14,83.0196,8.4876
2020-05-18 10:00:15,83.01841,8.48754
2020-05-18 10:30:15,83.01719,8.48771
2020-05-18 11:00:14,83.01598,8.48809
2020-05-18 11:30:15,83.01468,8.48842
2020-05-18 12:00:15,83.01337,8.48868
2020-05-18 12:30:15,83.01208,8.48888
2020-05-18 13:00:14,83.01076,8.48926
2020-05-18 13:30:15,83.00944,8.48936
2020-05-18 14:00:15,83.00809,8.48938
2020-05-18 14:30:14,83.00669,8.48908
2020-05-18 15:00:15,83.00526,8.48909
2020-05-18 15:30:14,83.00382,8.48951
2020-05-18 16:00:15,83.00237,8.49056
2020-05-18 16:30:15,83.00093,8.49165
2020-05-18 17:00:14,82.99948,8.49273
2020-05-18 17:30:15,82.99802,8.49426
2020-05-18 18:00:15,82.99659,8.49612
2020-05-18 18:30:15,82.99512,8.49826
2020-05-18 19:00:14,82.99364,8.50063
2020-05-18 19:30:15,82.99217,8.50345
2020-05-18 20:00:15,82.99071,8.50656
2020-05-18 20:30:14,82.98925,8.51001
2020-05-18 21:00:15,82.98785,8.51384
2020-05-18 21:30:14,82.9865,8.51706
2020-05-18 22:00:15,82.9852,8.51951
2020-05-18 22:30:15,82.98397,8.52209
2020-05-18 23:00:14,82.9828,8.52428
2020-05-18 23:30:15,82.98167,8.526
2020-05-19 00:00:15,82.98068,8.52781
2020-05-19 00:30:15,82.97979,8.53001
2020-05-19 01:00:14,82.97889,8.53282
2020-05-19 01:30:15,82.97804,8.53467
2020-05-19 02:00:15,82.97719,8.53598
2020-05-19 02:30:14,82.97635,8.53833
2020-05-19 03:00:15,82.97546,8.54109
2020-05-19 03:30:14,82.97457,8.54469
2020-05-19 04:00:15,82.97369,8.54811
2020-05-19 04:30:15,82.97277,8.55185
2020-05-19 05:00:14,82.9718,8.55602
2020-05-19 05:30:15,82.97081,8.56044
2020-05-19 06:00:15,82.96981,8.56532
2020-05-19 06:30:15,82.96873,8.5705
2020-05-19 07:00:14,82.96763,8.57624
2020-05-19 07:30:15,82.96649,8.58218
2020-05-19 08:00:14,82.96529,8.58853
2020-05-19 08:30:14,82.96417,8.59536
2020-05-19 09:00:15,82.96304,8.60264
2020-05-19 09:30:14,82.96192,8.61022
2020-05-19 10:00:15,82.96078,8.6182
2020-05-19 10:30:15,82.95964,8.62644
2020-05-19 11:00:14,82.9585,8.635
2020-05-19 11:30:15,82.95737,8.64402
2020-05-19 12:00:15,82.95628,8.6532
2020-05-19 12:30:15,82.95518,8.66216
2020-05-19 13:00:14,82.95412,8.67109
2020-05-19 13:30:15,82.95309,8.67987
2020-05-19 14:00:14,82.9521,8.68824
2020-05-19 14:30:14,82.95112,8.69637
2020-05-19 15:00:15,82.95017,8.70419
2020-05-19 15:30:14,82.94921,8.71176
2020-05-19 16:00:15,82.94825,8.71912
2020-05-19 16:30:15,82.94732,8.72612
2020-05-19 17:00:15,82.94637,8.73316
2020-05-19 17:30:14,82.94544,8.74043
2020-05-19 18:00:15,82.94456,8.7476
2020-05-19 18:30:15,82.9437,8.75441
2020-05-19 19:00:14,82.94291,8.76129
2020-05-19 19:30:15,82.94217,8.76895
2020-05-19 20:00:14,82.94145,8.77688
2020-05-19 20:30:15,82.94076,8.78518
2020-05-19 21:00:15,82.94012,8.79344
2020-05-19 21:30:14,82.9396,8.80106
2020-05-19 22:00:15,82.93919,8.80777
2020-05-19 22:30:15,82.93892,8.81393
2020-05-19 23:00:15,82.93874,8.81858
2020-05-19 23:30:14,82.93874,8.82229
2020-05-20 00:00:15,82.9388,8.82576
2020-05-20 00:30:15,82.93888,8.82837
2020-05-20 01:00:14,82.93901,8.83133
2020-05-20 01:30:15,82.93928,8.83379
2020-05-20 02:00:14,82.93953,8.8356
2020-05-20 02:30:15,82.93988,8.83792
2020-05-20 03:00:15,82.94012,8.84041
2020-05-20 03:30:14,82.94041,8.84292
2020-05-20 04:00:15,82.94072,8.84542
2020-05-20 04:30:15,82.94097,8.84926
2020-05-20 05:00:15,82.941,8.85375
2020-05-20 05:30:14,82.94101,8.85733
2020-05-20 06:00:15,82.94092,8.86149
2020-05-20 06:30:15,82.94084,8.86543
2020-05-20 07:00:14,82.94079,8.87018
2020-05-20 07:30:15,82.94048,8.87573
2020-05-20 08:00:14,82.9402,8.88033
2020-05-20 08:30:15,82.93996,8.88501
2020-05-20 09:00:15,82.93977,8.88982
2020-05-20 09:30:14,82.93963,8.89601
2020-05-20 10:00:15,82.93947,8.90299
2020-05-20 10:30:15,82.9394,8.91049
2020-05-20 11:00:15,82.93944,8.91885
2020-05-20 11:30:14,82.93965,8.92879
2020-05-20 12:00:15,82.94006,8.94024
2020-05-20 12:30:15,82.94061,8.95241
2020-05-20 13:00:14,82.94129,8.96564
2020-05-20 13:30:15,82.94197,8.97936
2020-05-20 14:00:14,82.94257,8.99452
2020-05-20 14:30:14,82.94324,9.01066
2020-05-20 15:00:15,82.94386,9.02621
2020-05-20 15:30:14,82.94445,9.04155
2020-05-20 16:00:15,82.94507,9.05667
2020-05-20 16:30:15,82.94566,9.07069
2020-05-20 17:00:15,82.94618,9.0839
2020-05-20 17:30:14,82.94668,9.09604
2020-05-20 18:00:15,82.94714,9.10708
2020-05-20 18:30:15,82.94756,9.11648
2020-05-20 19:00:14,82.94796,9.1243
2020-05-20 19:30:15,82.94833,9.13108
2020-05-20 20:00:14,82.94862,9.13703
2020-05-20 20:30:15,82.94884,9.14189
2020-05-20 21:00:15,82.94907,9.14546
2020-05-20 21:30:14,82.94936,9.14834
2020-05-20 22:00:15,82.94978,9.15069
2020-05-20 22:30:15,82.95024,9.15329
2020-05-20 23:00:15,82.95065,9.15645
2020-05-20 23:30:14,82.95108,9.16128
2020-05-21 00:00:15,82.95167,9.16694
2020-05-21 00:30:15,82.95263,9.17361
2020-05-21 01:00:14,82.95367,9.18132
2020-05-21 01:30:15,82.9549,9.18964
2020-05-21 02:00:14,82.95632,9.19815
2020-05-21 02:30:15,82.95764,9.20659
2020-05-21 03:00:15,82.95891,9.21489
2020-05-21 03:30:14,82.96011,9.22215
2020-05-21 04:00:15,82.96119,9.22828
2020-05-21 04:30:15,82.96216,9.23365
2020-05-21 05:00:15,82.96304,9.23858
2020-05-21 05:30:14,82.96385,9.24298
2020-05-21 06:00:15,82.96458,9.24673
2020-05-21 06:30:14,82.96526,9.2501
2020-05-21 07:00:14,82.96593,9.25305
2020-05-21 07:30:15,82.96661,9.25525
2020-05-21 08:00:14,82.96736,9.25691
2020-05-21 08:30:15,82.96808,9.25885
2020-05-21 09:00:15,82.96889,9.26106
2020-05-21 09:30:14,82.96981,9.26259
2020-05-21 10:00:15,82.9708,9.26356
2020-05-21 10:30:15,82.97188,9.26468
2020-05-21 11:00:15,82.97301,9.26638
2020-05-21 11:30:14,82.9742,9.26803
2020-05-21 12:00:15,82.97543,9.26964
2020-05-21 12:30:14,82.97664,9.27116
2020-05-21 13:00:14,82.97785,9.27268
2020-05-21 13:30:15,82.97904,9.27397
2020-05-21 14:00:14,82.98028,9.27459
2020-05-21 14:30:15,82.98153,9.27477
2020-05-21 15:00:15,82.98277,9.27538
2020-05-21 15:30:14,82.98402,9.27505
2020-05-21 16:00:15,82.98532,9.27338
2020-05-21 16:30:15,82.98656,9.27151
2020-05-21 17:00:15,82.98776,9.26984
2020-05-21 17:30:14,82.98884,9.26868
2020-05-21 18:00:15,82.98982,9.26759
2020-05-21 18:30:14,82.99088,9.26499
2020-05-21 19:00:14,82.99189,9.26176
2020-05-21 19:30:15,82.99277,9.25973
2020-05-21 20:00:14,82.99358,9.25733
2020-05-21 20:30:15,82.99431,9.25444
2020-05-21 21:00:15,82.99506,9.25082
2020-05-21 21:30:15,82.99588,9.24649
2020-05-21 22:00:14,82.99665,9.24262
2020-05-21 22:30:15,82.99741,9.23956
2020-05-21 23:00:15,82.9982,9.23717
2020-05-21 23:30:14,82.99895,9.23529
2020-05-22 00:00:15,82.9997,9.23391
2020-05-22 00:30:14,83.00044,9.23296
2020-05-22 01:00:14,83.00116,9.23211
2020-05-22 01:30:15,83.00184,9.2316
2020-05-22 02:00:14,83.00248,9.23092
2020-05-22 02:30:15,83.00305,9.23015
2020-05-22 03:00:15,83.0036,9.22914
2020-05-22 03:30:15,83.00403,9.22728
2020-05-22 04:00:14,83.0044,9.22466
2020-05-22 04:30:15,83.0046,9.22171
2020-05-22 05:00:15,83.00472,9.21812
2020-05-22 05:30:14,83.00473,9.21338
2020-05-22 06:00:15,83.00459,9.2083
2020-05-22 06:30:14,83.0044,9.20311
2020-05-22 07:00:15,83.00414,9.19656
2020-05-22 07:30:15,83.00376,9.19016
2020-05-22 08:00:14,83.00335,9.18313
2020-05-22 08:30:15,83.00293,9.17567
2020-05-22 09:00:15,83.00253,9.16766
2020-05-22 09:30:15,83.00224,9.15952
2020-05-22 10:00:14,83.002,9.15138
2020-05-22 10:30:15,83.00177,9.14359
2020-05-22 11:00:14,83.00157,9.13632
2020-05-22 11:30:14,83.00137,9.12995
2020-05-22 12:00:15,83.00117,9.12354
2020-05-22 12:30:14,83.00101,9.11768
2020-05-22 13:00:15,83.00075,9.11353
2020-05-22 13:30:15,83.00044,9.11092
2020-05-22 14:00:15,83.00018,9.10988
2020-05-22 14:30:14,82.99991,9.10787
2020-05-22 15:00:15,82.99966,9.10539
2020-05-22 15:30:15,82.99941,9.1025
2020-05-22 16:00:14,82.99912,9.09941
2020-05-22 16:30:15,82.99877,9.09578
2020-05-22 17:00:14,82.99838,9.0917
2020-05-22 17:30:14,82.99799,9.08679
2020-05-22 18:00:15,82.99754,9.08097
2020-05-22 18:30:14,82.99704,9.07453
2020-05-22 19:00:15,82.99652,9.06756
2020-05-22 19:30:15,82.99596,9.05988
2020-05-22 20:00:15,82.99541,9.05176
2020-05-22 20:30:14,82.9949,9.04346
2020-05-22 21:00:15,82.9944,9.03525
2020-05-22 21:30:15,82.9939,9.02733
2020-05-22 22:00:14,82.99345,9.01985
2020-05-22 22:30:15,82.9931,9.01305
2020-05-22 23:00:14,82.99285,9.00745
2020-05-22 23:30:15,82.99262,9.00261
2020-05-23 00:00:15,82.99251,8.9986
2020-05-23 00:30:14,82.9924,8.99549
2020-05-23 01:00:15,82.99219,8.9923
2020-05-23 01:30:15,82.99197,8.98865
2020-05-23 02:00:15,82.99176,8.98533
2020-05-23 02:30:14,82.99152,8.98225
2020-05-23 03:00:15,82.99128,8.97955
2020-05-23 03:30:14,82.99103,8.9767
2020-05-23 04:00:14,82.99062,8.97152
2020-05-23 04:30:15,82.99019,8.96654
2020-05-23 05:00:14,82.98972,8.96165
2020-05-23 05:30:15,82.98925,8.95658
2020-05-23 06:00:15,82.98872,8.95149
2020-05-23 06:30:14,82.98814,8.94653
2020-05-23 07:00:15,82.98755,8.9415
2020-05-23 07:30:15,82.98693,8.93605
2020-05-23 08:00:15,82.98629,8.93032
2020-05-23 08:30:14,82.98566,8.92467
2020-05-23 09:00:15,82.98497,8.91917
2020-05-23 09:30:14,82.98429,8.91385
2020-05-23 10:00:14,82.98357,8.90858
2020-05-23 10:30:15,82.98286,8.90352
2020-05-23 11:00:14,82.98215,8.89872
2020-05-23 11:30:15,82.98138,8.89415
2020-05-23 12:00:15,82.9806,8.88981
2020-05-23 12:30:14,82.98001,8.88564
2020-05-23 13:00:15,82.9796,8.88182
2020-05-23 13:30:15,82.97929,8.87757
2020-05-23 14:00:15,82.97903,8.87319
2020-05-23 14:30:14,82.97881,8.86886
2020-05-23 15:00:15,82.97869,8.86417
2020-05-23 15:30:15,82.97861,8.85927
2020-05-23 16:00:14,82.97853,8.85376
2020-05-23 16:30:15,82.97844,8.84781
2020-05-23 17:00:14,82.97829,8.84173
2020-05-23 17:30:15,82.9782,8.83493
2020-05-23 18:00:15,82.97815,8.8277
2020-05-23 18:30:14,82.97808,8.8199
2020-05-23 19:00:15,82.97803,8.81189
2020-05-23 19:30:15,82.97792,8.80425
2020-05-23 20:00:15,82.97785,8.79655
2020-05-23 20:30:14,82.97773,8.78911
2020-05-23 21:00:15,82.97764,8.78167
2020-05-23 21:30:15,82.97756,8.77456
2020-05-23 22:00:14,82.97752,8.76737
2020-05-23 22:30:15,82.97749,8.76031
2020-05-23 23:00:14,82.97746,8.75401
2020-05-23 23:30:15,82.97741,8.74837
2020-05-24 00:00:15,82.97746,8.74297
2020-05-24 00:30:14,82.97758,8.73822
2020-05-24 01:00:15,82.97778,8.73418
2020-05-24 01:30:15,82.97797,8.73096
2020-05-24 02:00:15,82.97819,8.72795
2020-05-24 02:30:14,82.9784,8.72525
2020-05-24 03:00:15,82.97861,8.72238
2020-05-24 03:30:15,82.97876,8.71905
2020-05-24 04:00:14,82.97889,8.7152
2020-05-24 04:30:15,82.97894,8.71095
2020-05-24 05:00:14,82.9789,8.7063
2020-05-24 05:30:15,82.97884,8.70097
2020-05-24 06:00:15,82.97873,8.69481
2020-05-24 06:30:14,82.97844,8.68844
2020-05-24 07:00:15,82.97815,8.68123
2020-05-24 07:30:15,82.9778,8.67377
2020-05-24 08:00:15,82.9773,8.66636
2020-05-24 08:30:14,82.97672,8.65909
2020-05-24 09:00:15,82.97605,8.65171
2020-05-24 09:30:14,82.97541,8.64464
2020-05-24 10:00:14,82.97476,8.63772
2020-05-24 10:30:15,82.97412,8.63102
2020-05-24 11:00:14,82.97353,8.62459
2020-05-24 11:30:15,82.973,8.61842
2020-05-24 12:00:15,82.97252,8.61242
2020-05-24 12:30:15,82.97208,8.60648
2020-05-24 13:00:14,82.9717,8.60042
2020-05-24 13:30:15,82.97139,8.59439
2020-05-24 14:00:15,82.97112,8.58801
2020-05-24 14:30:14,82.97089,8.58159
2020-05-24 15:00:15,82.9707,8.57493
2020-05-24 15:30:14,82.97054,8.56803
2020-05-24 16:00:14,82.97043,8.56072
2020-05-24 16:30:15,82.97034,8.55324
2020-05-24 17:00:14,82.97027,8.54565
2020-05-24 17:30:15,82.97021,8.53782
2020-05-24 18:00:15,82.97018,8.52972
2020-05-24 18:30:15,82.97012,8.52137
2020-05-24 19:00:14,82.97006,8.51283
2020-05-24 19:30:15,82.96999,8.50401
2020-05-24 20:00:15,82.96993,8.49511
2020-05-24 20:30:14,82.96989,8.48613
2020-05-24 21:00:15,82.96986,8.47715
2020-05-24 21:30:14,82.96984,8.46839
2020-05-24 22:00:14,82.96986,8.45986
2020-05-24 22:30:15,82.96989,8.4518
2020-05-24 23:00:14,82.97,8.44416
2020-05-24 23:30:15,82.97021,8.43692
2020-05-25 00:00:15,82.97044,8.43
2020-05-25 00:30:15,82.97075,8.42342
2020-05-25 01:00:14,82.97112,8.41725
2020-05-25 01:30:15,82.97159,8.4114
2020-05-25 02:00:15,82.97211,8.40573
2020-05-25 02:30:14,82.97272,8.40037
2020-05-25 03:00:15,82.9734,8.39542
2020-05-25 03:30:14,82.97412,8.39075
2020-05-25 04:00:15,82.97492,8.38637
2020-05-25 04:30:15,82.97569,8.38226
2020-05-25 05:00:14,82.97652,8.37823
2020-05-25 05:30:15,82.97729,8.37438
2020-05-25 06:00:15,82.97804,8.37056
2020-05-25 06:30:15,82.97874,8.36692
2020-05-25 07:00:14,82.9794,8.3632
2020-05-25 07:30:15,82.98,8.35946
2020-05-25 08:00:14,82.98055,8.35596
2020-05-25 08:30:15,82.98104,8.35238
2020-05-25 09:00:15,82.98151,8.34889
2020-05-25 09:30:15,82.98196,8.34575
2020-05-25 10:00:14,82.9824,8.34292
2020-05-25 10:30:15,82.98289,8.34044
2020-05-25 11:00:15,82.98348,8.33822
2020-05-25 11:30:14,82.98418,8.33639
2020-05-25 12:00:15,82.98495,8.33548
2020-05-25 12:30:14,82.98577,8.33521
2020-05-25 13:00:14,82.98666,8.33554
2020-05-25 13:30:15,82.9876,8.337
2020-05-25 14:00:14,82.98861,8.33885
2020-05-25 14:30:15,82.98976,8.34148
2020-05-25 15:00:15,82.99105,8.3439
2020-05-25 15:30:15,82.99242,8.34612
2020-05-25 16:00:14,82.99383,8.34808
2020-05-25 16:30:15,82.99522,8.3502
2020-05-25 17:00:15,82.9966,8.35244
2020-05-25 17:30:14,82.99781,8.35415
2020-05-25 18:00:15,82.99907,8.35522
2020-05-25 18:30:14,83.00032,8.3555
2020-05-25 19:00:14,83.00163,8.35518
2020-05-25 19:30:15,83.00289,8.35403
2020-05-25 20:00:14,83.00425,8.35228
2020-05-25 20:30:15,83.00552,8.35011
2020-05-25 21:00:15,83.00685,8.34757
2020-05-25 21:30:15,83.00824,8.34478
2020-05-25 22:00:14,83.00964,8.34181
2020-05-25 22:30:15,83.01097,8.33965
2020-05-25 23:00:15,83.01231,8.33809
2020-05-25 23:30:14,83.01375,8.33702
2020-05-26 00:00:15,83.01536,8.33664
2020-05-26 00:30:14,83.01705,8.33716
2020-05-26 01:00:14,83.0186,8.33917
2020-05-26 01:30:15,83.02008,8.34184
2020-05-26 02:00:14,83.02152,8.34523
2020-05-26 02:30:15,83.02299,8.34945
2020-05-26 03:00:15,83.02438,8.35433
2020-05-26 03:30:15,83.02576,8.35947
2020-05-26 04:00:14,83.02713,8.36512
2020-05-26 04:30:15,83.02844,8.371
2020-05-26 05:00:15,83.02966,8.3767
2020-05-26 05:30:14,83.03084,8.382
2020-05-26 06:00:15,83.03196,8.38698
2020-05-26 06:30:14,83.03299,8.39153
2020-05-26 07:00:14,83.03387,8.39579
2020-05-26 07:30:15,83.03461,8.39979
2020-05-26 08:00:14,83.03528,8.40332
2020-05-26 08:30:15,83.0359,8.40636
2020-05-26 09:00:15,83.03648,8.40905
2020-05-26 09:30:15,83.03703,8.41158
2020-05-26 10:00:14,83.03756,8.41367
2020-05-26 10:30:15,83.03812,8.41541
2020-05-26 11:00:15,83.03867,8.41697
2020-05-26 11:30:14,83.03917,8.41811
2020-05-26 12:00:15,83.03968,8.4188
2020-05-26 12:30:14,83.04021,8.41908
2020-05-26 13:00:15,83.04077,8.41926
2020-05-26 13:30:15,83.04136,8.4191
2020-05-26 14:00:14,83.04198,8.41821
2020-05-26 14:30:15,83.04266,8.41689
2020-05-26 15:00:15,83.0433,8.41514
2020-05-26 15:30:15,83.04398,8.4127
2020-05-26 16:00:14,83.04462,8.40971
2020-05-26 16:30:15,83.04525,8.40646
2020-05-26 17:00:15,83.04589,8.40135
2020-05-26 17:30:14,83.04662,8.39507
2020-05-26 18:00:15,83.04756,8.38749
2020-05-26 18:30:14,83.04851,8.37958
2020-05-26 19:00:15,83.04953,8.3721
2020-05-26 19:30:15,83.05088,8.3635
2020-05-26 20:00:14,83.05212,8.35552
2020-05-26 20:30:15,83.05334,8.34736
2020-05-26 21:00:15,83.0545,8.33943
2020-05-26 21:30:15,83.05559,8.33164
2020-05-26 22:00:14,83.05664,8.32452
2020-05-26 22:30:15,83.05784,8.31879
2020-05-26 23:00:14,83.05914,8.31396
2020-05-26 23:30:14,83.06062,8.31094
2020-05-27 00:00:15,83.06196,8.30805
2020-05-27 00:30:14,83.06328,8.30594
2020-05-27 01:00:15,83.0649,8.30524
2020-05-27 01:30:15,83.06672,8.30587
2020-05-27 02:00:14,83.06813,8.30611
2020-05-27 02:30:15,83.06952,8.30612
2020-05-27 03:00:15,83.07082,8.30486
2020-05-27 03:30:15,83.07205,8.30223
2020-05-27 04:00:14,83.0731,8.29846
2020-05-27 04:30:15,83.07417,8.29512
2020-05-27 05:00:14,83.07568,8.29294
2020-05-27 05:30:14,83.07777,8.2907
2020-05-27 06:00:15,83.07958,8.28843
2020-05-27 06:30:14,83.08106,8.28664
2020-05-27 07:00:15,83.0824,8.28486
2020-05-27 07:30:15,83.0836,8.28324
2020-05-27 08:00:14,83.08466,8.28162
2020-05-27 08:30:15,83.08557,8.27979
2020-05-27 09:00:15,83.08637,8.27773
2020-05-27 09:30:15,83.08704,8.27554
2020-05-27 10:00:14,83.0876,8.27311
2020-05-27 10:30:15,83.08808,8.27083
2020-05-27 11:00:14,83.08849,8.26854
2020-05-27 11:30:14,83.08885,8.26647
2020-05-27 12:00:15,83.08917,8.26459
2020-05-27 12:30:14,83.08946,8.26312
2020-05-27 13:00:15,83.08972,8.26211
2020-05-27 13:30:15,83.0899,8.26131
2020-05-27 14:00:15,83.09015,8.261
2020-05-27 14:30:14,83.0904,8.26117
2020-05-27 15:00:15,83.09058,8.26136
2020-05-27 15:30:15,83.09076,8.26147
2020-05-27 16:00:14,83.09092,8.26149
2020-05-27 16:30:15,83.091,8.26147
2020-05-27 17:00:14,83.09103,8.26134
2020-05-27 17:30:14,83.09101,8.26064
2020-05-27 18:00:15,83.09092,8.25924
2020-05-27 18:30:14,83.09077,8.2572
2020-05-27 19:00:15,83.09064,8.2547
2020-05-27 19:30:15,83.09048,8.2516
2020-05-27 20:00:15,83.09026,8.24806
2020-05-27 20:30:14,83.08999,8.24413
2020-05-27 21:00:15,83.08969,8.2398
2020-05-27 21:30:15,83.08937,8.23499
2020-05-27 22:00:14,83.08904,8.22997
2020-05-27 22:30:15,83.08869,8.2248
2020-05-27 23:00:14,83.08829,8.2199
2020-05-27 23:30:15,83.08794,8.21529
2020-05-28 00:00:15,83.08756,8.21122
2020-05-28 00:30:14,83.08719,8.20797
2020-05-28 01:00:15,83.08687,8.20551
2020-05-28 01:30:15,83.0866,8.20378
2020-05-28 02:00:15,83.08636,8.20274
2020-05-28 02:30:14,83.08614,8.20238
2020-05-28 03:00:15,83.08591,8.20263
2020-05-28 03:30:14,83.08568,8.20326
2020-05-28 04:00:14,83.08548,8.20407
2020-05-28 04:30:15,83.08527,8.20507
2020-05-28 05:00:14,83.08503,8.20602
2020-05-28 05:30:15,83.0848,8.2067
2020-05-28 06:00:15,83.08453,8.20738
2020-05-28 06:30:14,83.08424,8.20781
2020-05-28 07:00:15,83.08389,8.20788
2020-05-28 07:30:15,83.08347,8.20748
2020-05-28 08:00:15,83.08297,8.20657
2020-05-28 08:30:14,83.08244,8.2052
2020-05-28 09:00:15,83.08181,8.20336
2020-05-28 09:30:14,83.08113,8.20121
2020-05-28 10:00:14,83.08038,8.19857
2020-05-28 10:30:15,83.07958,8.19547
2020-05-28 11:00:14,83.07876,8.19206
2020-05-28 11:30:15,83.07788,8.18838
2020-05-28 12:00:15,83.07699,8.18468
2020-05-28 12:30:14,83.07604,8.18141
2020-05-28 13:00:15,83.07508,8.17852
2020-05-28 13:30:15,83.0741,8.17557
2020-05-28 14:00:15,83.07316,8.17288
2020-05-28 14:30:14,83.07223,8.17032
2020-05-28 15:00:15,83.0713,8.16794
2020-05-28 15:30:14,83.07045,8.16528
2020-05-28 16:00:14,83.06964,8.16215
2020-05-28 16:30:15,83.06886,8.15862
2020-05-28 17:00:14,83.06808,8.1545
2020-05-28 17:30:15,83.06734,8.14983
2020-05-28 18:00:15,83.0666,8.14464
2020-05-28 18:30:14,83.06586,8.13881
2020-05-28 19:00:15,83.06517,8.13243
2020-05-28 19:30:15,83.06451,8.12559
2020-05-28 20:00:15,83.0638,8.11804
2020-05-28 20:30:14,83.0631,8.11001
2020-05-28 21:00:15,83.06237,8.10173
2020-05-28 21:30:14,83.06162,8.09334
2020-05-28 22:00:14,83.06081,8.08494
2020-05-28 22:30:15,83.05996,8.07662
2020-05-28 23:00:14,83.059,8.06891
2020-05-28 23:30:15,83.05814,8.06094
2020-05-29 00:00:15,83.05732,8.0533
2020-05-29 00:30:15,83.05648,8.04644
2020-05-29 01:00:14,83.05561,8.04026
2020-05-29 01:30:15,83.05477,8.03459
2020-05-29 02:00:15,83.05397,8.02918
2020-05-29 02:30:14,83.05324,8.02429
2020-05-29 03:00:15,83.05254,8.01993
2020-05-29 03:30:14,83.0518,8.01602
2020-05-29 04:00:15,83.05109,8.01217
2020-05-29 04:30:15,83.05038,8.00829
2020-05-29 05:00:14,83.04968,8.00442
2020-05-29 05:30:15,83.04897,8.00066
2020-05-29 06:00:15,83.04828,7.99702
2020-05-29 06:30:15,83.04756,7.9936
2020-05-29 07:00:14,83.04684,7.99054
2020-05-29 07:30:15,83.04612,7.9877
2020-05-29 08:00:15,83.0453,7.98489
2020-05-29 08:30:14,83.04449,7.98256
2020-05-29 09:00:15,83.04361,7.98021
2020-05-29 09:30:14,83.04272,7.97759
2020-05-29 10:00:15,83.0418,7.9746
2020-05-29 10:30:15,83.04086,7.97157
2020-05-29 11:00:14,83.03984,7.96848
2020-05-29 11:30:15,83.03875,7.96522
2020-05-29 12:00:15,83.0376,7.96198
2020-05-29 12:30:15,83.03648,7.95916
2020-05-29 13:00:14,83.03517,7.9576
2020-05-29 13:30:15,83.03374,7.95648
2020-05-29 14:00:15,83.03225,7.95558
2020-05-29 14:30:14,83.03082,7.95486
2020-05-29 15:00:15,83.02936,7.95396
2020-05-29 15:30:14,83.02795,7.95301
2020-05-29 16:00:15,83.0266,7.95178
2020-05-29 16:30:15,83.02534,7.95055
2020-05-29 17:00:14,83.02424,7.94884
2020-05-29 17:30:15,83.02322,7.94687
2020-05-29 18:00:15,83.02222,7.94466
2020-05-29 18:30:15,83.02133,7.94231
2020-05-29 19:00:14,83.02052,7.93977
2020-05-29 19:30:15,83.01974,7.93684
2020-05-29 20:00:15,83.01903,7.9336
2020-05-29 20:30:14,83.01833,7.93011
2020-05-29 21:00:15,83.01764,7.92632
2020-05-29 21:30:14,83.01698,7.92229
2020-05-29 22:00:15,83.01635,7.9182
2020-05-29 22:30:15,83.01569,7.91416
2020-05-29 23:00:15,83.01504,7.91018
2020-05-29 23:30:14,83.01439,7.90635
2020-05-30 00:00:15,83.01375,7.90265
2020-05-30 00:30:15,83.01312,7.89906
2020-05-30 01:00:14,83.01248,7.89598
2020-05-30 01:30:15,83.01183,7.8932
2020-05-30 02:00:14,83.01122,7.89053
2020-05-30 02:30:15,83.01052,7.88836
2020-05-30 03:00:15,83.00983,7.88663
2020-05-30 03:30:15,83.00909,7.88519
2020-05-30 04:00:14,83.00838,7.88456
2020-05-30 04:30:15,83.00768,7.88455
2020-05-30 05:00:14,83.00694,7.88484
2020-05-30 05:30:14,83.00619,7.88556
2020-05-30 06:00:15,83.00548,7.88694
2020-05-30 06:30:14,83.00475,7.88892
2020-05-30 07:00:15,83.00403,7.89139
2020-05-30 07:30:15,83.0033,7.8938
2020-05-30 08:00:15,83.00256,7.89647
2020-05-30 08:30:14,83.00179,7.89927
2020-05-30 09:00:15,83.00104,7.90216
2020-05-30 09:30:14,83.00028,7.90521
2020-05-30 10:00:14,82.9995,7.90837
2020-05-30 10:30:15,82.99865,7.91187
2020-05-30 11:00:14,82.99777,7.9155
2020-05-30 11:30:15,82.99684,7.91938
2020-05-30 12:00:15,82.9959,7.92316
2020-05-30 12:30:15,82.9949,7.92708
2020-05-30 13:00:14,82.99387,7.93145
2020-05-30 13:30:15,82.99276,7.93576
2020-05-30 14:00:14,82.99164,7.94023
2020-05-30 14:30:14,82.99053,7.9448
2020-05-30 15:00:15,82.98948,7.94945
2020-05-30 15:30:14,82.9885,7.95442
2020-05-30 16:00:15,82.98763,7.95941
2020-05-30 16:30:15,82.98682,7.96448
2020-05-30 17:00:15,82.98612,7.97002
2020-05-30 17:30:14,82.98556,7.97587
2020-05-30 18:00:15,82.98512,7.98164
2020-05-30 18:30:14,82.98481,7.98738
2020-05-30 19:00:15,82.9846,7.99298
2020-05-30 19:30:15,82.9845,7.99827
2020-05-30 20:00:14,82.98452,8.00325
2020-05-30 20:30:15,82.98472,8.00784
2020-05-30 21:00:15,82.98505,8.01231
2020-05-30 21:30:15,82.98552,8.01654
2020-05-30 22:00:14,82.98611,8.02075
2020-05-30 22:30:15,82.98682,8.02521
2020-05-30 23:00:14,82.9876,8.02929
2020-05-30 23:30:15,82.98833,8.03296
2020-05-31 00:00:15,82.98895,8.03647
2020-05-31 00:30:14,82.98946,8.04012
2020-05-31 01:00:15,82.98988,8.04374
2020-05-31 01:30:15,82.99021,8.0472
2020-05-31 02:00:15,82.99044,8.05052
2020-05-31 02:30:14,82.99055,8.05348
2020-05-31 03:00:15,82.99057,8.05632
2020-05-31 03:30:14,82.99064,8.05881
2020-05-31 04:00:15,82.99069,8.06108
2020-05-31 04:30:15,82.99084,8.0632
2020-05-31 05:00:15,82.99105,8.06516
2020-05-31 05:30:14,82.99129,8.06699
2020-05-31 06:00:15,82.99158,8.06895
2020-05-31 06:30:15,82.99189,8.07136
2020-05-31 07:00:14,82.99219,8.07418
2020-05-31 07:30:15,82.99253,8.07708
2020-05-31 08:00:14,82.9929,8.08049
2020-05-31 08:30:15,82.99329,8.08393
2020-05-31 09:00:15,82.99365,8.08721
2020-05-31 09:30:15,82.99394,8.08996
2020-05-31 10:00:14,82.99419,8.0921
2020-05-31 10:30:15,82.99435,8.09393
2020-05-31 11:00:14,82.99438,8.09507
2020-05-31 11:30:14,82.99433,8.09543
2020-05-31 12:00:15,82.99416,8.09522
2020-05-31 12:30:14,82.9939,8.09451
2020-05-31 13:00:15,82.99358,8.09306
2020-05-31 13:30:15,82.99319,8.09121
2020-05-31 14:00:15,82.99271,8.08857
2020-05-31 14:30:14,82.9922,8.08537
2020-05-31 15:00:15,82.99169,8.08192
2020-05-31 15:30:14,82.9912,8.0782
2020-05-31 16:00:14,82.99065,8.07404
2020-05-31 16:30:15,82.99012,8.06966
2020-05-31 17:00:14,82.98962,8.06473
2020-05-31 17:30:15,82.98914,8.0592
2020-05-31 18:00:15,82.98869,8.05342
2020-05-31 18:30:15,82.98825,8.04727
2020-05-31 19:00:14,82.98782,8.04125
2020-05-31 19:30:15,82.98746,8.03519
2020-05-31 20:00:14,82.98717,8.02878
2020-05-31 20:30:14,82.98696,8.0224
2020-05-31 21:00:15,82.98682,8.01594
2020-05-31 21:30:14,82.98666,8.00984
2020-05-31 22:00:15,82.9866,8.00391
2020-05-31 22:30:15,82.98668,7.9977
2020-05-31 23:00:15,82.98677,7.99168
2020-05-31 23:30:14,82.98666,7.98632
2020-06-01 00:00:15,82.98641,7.98174
2020-06-01 00:30:14,82.98615,7.97756
2020-06-01 01:00:15,82.98581,7.97355
2020-06-01 01:30:15,82.98541,7.96946
2020-06-01 02:00:15,82.98496,7.96572
2020-06-01 02:30:14,82.98444,7.96234
2020-06-01 03:00:15,82.98389,7.95894
2020-06-01 03:30:14,82.98332,7.95557
2020-06-01 04:00:14,82.98273,7.95246
2020-06-01 04:30:15,82.98215,7.94962
2020-06-01 05:00:14,82.98153,7.94703
2020-06-01 05:30:15,82.9809,7.94496
2020-06-01 06:00:15,82.98026,7.9434
2020-06-01 06:30:15,82.97964,7.94207
2020-06-01 07:00:14,82.97904,7.941
2020-06-01 07:30:15,82.97845,7.94023
2020-06-01 08:00:14,82.97785,7.93965
2020-06-01 08:30:15,82.97728,7.93921
2020-06-01 09:00:15,82.97672,7.93887
2020-06-01 09:30:14,82.97616,7.93851
2020-06-01 10:00:15,82.9756,7.93809
2020-06-01 10:30:15,82.975,7.93762
2020-06-01 11:00:15,82.97439,7.93694
2020-06-01 11:30:14,82.97372,7.93604
2020-06-01 12:00:15,82.973,7.93458
2020-06-01 12:30:14,82.9722,7.93267
2020-06-01 13:00:15,82.97129,7.93012
2020-06-01 13:30:15,82.97027,7.9266
2020-06-01 14:00:14,82.96917,7.92221
2020-06-01 14:30:15,82.968,7.91719
2020-06-01 15:00:15,82.9668,7.91167
2020-06-01 15:30:15,82.96561,7.90553
2020-06-01 16:00:14,82.96437,7.89906
2020-06-01 16:30:15,82.96314,7.89227
2020-06-01 17:00:14,82.96194,7.8849
2020-06-01 17:30:15,82.96077,7.87734
2020-06-01 18:00:15,82.95966,7.86995
2020-06-01 18:30:14,82.95855,7.86274
2020-06-01 19:00:15,82.95753,7.85614
2020-06-01 19:30:15,82.95663,7.85026
2020-06-01 20:00:15,82.95577,7.84481
2020-06-01 20:30:14,82.95499,7.83976
2020-06-01 21:00:15,82.95428,7.83532
2020-06-01 21:30:14,82.95358,7.83097
2020-06-01 22:00:15,82.95295,7.82685
2020-06-01 22:30:15,82.95235,7.82268
2020-06-01 23:00:14,82.95177,7.81834
2020-06-01 23:30:15,82.95117,7.81494
2020-06-02 00:00:15,82.95052,7.81181
2020-06-02 00:30:15,82.94994,7.80682
2020-06-02 01:00:14,82.94935,7.80113
2020-06-02 01:30:15,82.94867,7.79523
2020-06-02 02:00:14,82.94798,7.78874
2020-06-02 02:30:15,82.9472,7.78159
2020-06-02 03:00:15,82.9463,7.77426
2020-06-02 03:30:14,82.94529,7.7665
2020-06-02 04:00:15,82.94423,7.75813
2020-06-02 04:30:15,82.94309,7.74901
2020-06-02 05:00:15,82.94195,7.73981
2020-06-02 05:30:14,82.94072,7.73086
2020-06-02 06:00:15,82.93945,7.72238
2020-06-02 06:30:14,82.93819,7.71377
2020-06-02 07:00:15,82.93692,7.70611
2020-06-02 07:30:15,82.93562,7.69938
2020-06-02 08:00:15,82.9343,7.69368
2020-06-02 08:30:14,82.93298,7.68861
2020-06-02 09:00:15,82.93161,7.68413
2020-06-02 09:30:15,82.93021,7.68014
2020-06-02 10:00:14,82.92884,7.67569
2020-06-02 10:30:15,82.92741,7.67154
2020-06-02 11:00:14,82.92595,7.66709
2020-06-02 11:30:15,82.92449,7.66235
2020-06-02 12:00:15,82.92308,7.65875
2020-06-02 12:30:15,82.92169,7.6553
2020-06-02 13:00:14,82.92027,7.6517
2020-06-02 13:30:15,82.91879,7.64786
2020-06-02 14:00:14,82.91718,7.64372
2020-06-02 14:30:15,82.91554,7.63891
2020-06-02 15:00:15,82.91386,7.63354
2020-06-02 15:30:15,82.91215,7.62783
2020-06-02 16:00:14,82.91042,7.62201
2020-06-02 16:30:15,82.90874,7.61579
2020-06-02 17:00:14,82.90703,7.60889
2020-06-02 17:30:14,82.90532,7.60176
2020-06-02 18:00:15,82.90363,7.59495
2020-06-02 18:30:14,82.90199,7.5886
2020-06-02 19:00:15,82.90038,7.5812
2020-06-02 19:30:15,82.89877,7.5732
2020-06-02 20:00:15,82.8972,7.56557
2020-06-02 20:30:14,82.89571,7.55798
2020-06-02 21:00:15,82.89416,7.55041
2020-06-02 21:30:14,82.89262,7.54277
2020-06-02 22:00:15,82.89114,7.53458
2020-06-02 22:30:15,82.88963,7.52594
2020-06-02 23:00:15,82.88815,7.51685
2020-06-02 23:30:14,82.88675,7.50749
2020-06-03 00:00:15,82.88532,7.49817
2020-06-03 00:30:15,82.88385,7.48873
2020-06-03 01:00:14,82.8824,7.47884
2020-06-03 01:30:15,82.88094,7.46829
2020-06-03 02:00:14,82.87941,7.45768
2020-06-03 02:30:15,82.87778,7.44679
2020-06-03 03:00:15,82.87608,7.43529
2020-06-03 03:30:15,82.87421,7.42377
2020-06-03 04:00:14,82.87211,7.41325
2020-06-03 04:30:15,82.86987,7.40257
2020-06-03 05:00:14,82.86756,7.39077
2020-06-03 05:30:15,82.86509,7.37956
2020-06-03 06:00:15,82.86256,7.36854
2020-06-03 06:30:15,82.86012,7.35804
2020-06-03 07:00:14,82.85754,7.34843
2020-06-03 07:30:15,82.8549,7.34147
2020-06-03 08:00:14,82.85219,7.33559
2020-06-03 08:30:15,82.84941,7.32958
2020-06-03 09:00:15,82.84676,7.32493
2020-06-03 09:30:14,82.84417,7.32066
2020-06-03 10:00:15,82.84183,7.31681
2020-06-03 10:30:15,82.83958,7.31376
2020-06-03 11:00:15,82.83736,7.31093
2020-06-03 11:30:14,82.83518,7.30834
2020-06-03 12:00:15,82.83304,7.30608
2020-06-03 12:30:14,82.83086,7.30412
2020-06-03 13:00:15,82.82867,7.30211
2020-06-03 13:30:15,82.82642,7.30002
2020-06-03 14:00:15,82.82412,7.29794
2020-06-03 14:30:14,82.82182,7.29568
2020-06-03 15:00:15,82.81945,7.29326
2020-06-03 15:30:14,82.81704,7.29078
2020-06-03 16:00:15,82.81458,7.28827
2020-06-03 16:30:15,82.81208,7.2859
2020-06-03 17:00:14,82.80953,7.28349
2020-06-03 17:30:15,82.80698,7.28124
2020-06-03 18:00:15,82.80434,7.27955
2020-06-03 18:30:15,82.80164,7.27845
2020-06-03 19:00:14,82.79892,7.27759
2020-06-03 19:30:15,82.79623,7.27755
2020-06-03 20:00:14,82.7936,7.27842
2020-06-03 20:30:15,82.79109,7.27956
2020-06-03 21:00:15,82.78873,7.28124
2020-06-03 21:30:15,82.78656,7.28386
2020-06-03 22:00:14,82.78453,7.28729
2020-06-03 22:30:15,82.7826,7.2913
2020-06-03 23:00:15,82.7808,7.29608
2020-06-03 23:30:14,82.7792,7.30083
2020-06-04 00:00:15,82.77775,7.30644
2020-06-04 00:30:14,82.77638,7.31255
2020-06-04 01:00:15,82.77505,7.31962
2020-06-04 01:30:15,82.77368,7.32744
2020-06-04 02:00:15,82.77222,7.33627
2020-06-04 02:30:14,82.77065,7.34582
2020-06-04 03:00:15,82.76897,7.35609
2020-06-04 03:30:14,82.76712,7.36655
2020-06-04 04:00:14,82.76509,7.37708
2020-06-04 04:30:15,82.76292,7.38764
2020-06-04 05:00:14,82.76063,7.39815
2020-06-04 05:30:15,82.7582,7.40871
2020-06-04 06:00:15,82.75565,7.41932
2020-06-04 06:30:15,82.75296,7.42994
2020-06-04 07:00:14,82.75018,7.44037
2020-06-04 07:30:15,82.74727,7.45063
2020-06-04 08:00:14,82.74426,7.46085
2020-06-04 08:30:15,82.74113,7.47094
2020-06-04 09:00:15,82.73793,7.48107
2020-06-04 09:30:14,82.73466,7.49101
2020-06-04 10:00:15,82.73133,7.50067
2020-06-04 10:30:15,82.728,7.51059
2020-06-04 11:00:15,82.72461,7.52091
2020-06-04 11:30:14,82.72125,7.53117
2020-06-04 12:00:15,82.71786,7.54174
2020-06-04 12:30:14,82.71448,7.5525
2020-06-04 13:00:15,82.71105,7.56314
2020-06-04 13:30:15,82.70765,7.57223
2020-06-04 14:00:14,82.70431,7.57994
2020-06-04 14:30:15,82.70104,7.58633
2020-06-04 15:00:15,82.69788,7.59179
2020-06-04 15:30:15,82.69482,7.59659
2020-06-04 16:00:14,82.69189,7.59951
2020-06-04 16:30:15,82.68903,7.6026
2020-06-04 17:00:14,82.68619,7.60461
2020-06-04 17:30:15,82.68335,7.60712
2020-06-04 18:00:15,82.68055,7.61054
2020-06-04 18:30:15,82.67786,7.61631
2020-06-04 19:00:14,82.67528,7.6224
2020-06-04 19:30:15,82.67271,7.62901
2020-06-04 20:00:15,82.67021,7.63526
2020-06-04 20:30:14,82.66789,7.64261
2020-06-04 21:00:15,82.66568,7.65103
2020-06-04 21:30:14,82.66367,7.65789
2020-06-04 22:00:15,82.6618,7.66473
2020-06-04 22:30:15,82.66004,7.67238
2020-06-04 23:00:15,82.65836,7.6808
2020-06-04 23:30:14,82.65678,7.68967
2020-06-05 00:00:15,82.65524,7.69856
2020-06-05 00:30:14,82.65384,7.70772
2020-06-05 01:00:15,82.65248,7.71721
2020-06-05 01:30:15,82.65116,7.7265
2020-06-05 02:00:14,82.64976,7.73543
2020-06-05 02:30:15,82.64828,7.74403
2020-06-05 03:00:15,82.64671,7.75276
2020-06-05 03:30:15,82.64507,7.76116
2020-06-05 04:00:14,82.6433,7.76925
2020-06-05 04:30:15,82.64139,7.77675
2020-06-05 05:00:14,82.63936,7.78382
2020-06-05 05:30:15,82.63718,7.79089
2020-06-05 06:00:15,82.63488,7.79826
2020-06-05 06:30:15,82.63253,7.80593
2020-06-05 07:00:14,82.63004,7.81387
2020-06-05 07:30:15,82.62736,7.82195
2020-06-05 08:00:15,82.62441,7.83032
2020-06-05 08:30:14,82.62125,7.83865
2020-06-05 09:00:15,82.61797,7.84731
2020-06-05 09:30:14,82.61459,7.85591
2020-06-05 10:00:15,82.61107,7.86427
2020-06-05 10:30:15,82.60788,7.87172
2020-06-05 11:00:15,82.60513,7.87887
2020-06-05 11:30:14,82.6028,7.88706
2020-06-05 12:00:15,82.60081,7.89758
2020-06-05 12:30:14,82.59911,7.90966
2020-06-05 13:00:15,82.59752,7.9233
2020-06-05 13:30:15,82.59604,7.93718
2020-06-05 14:00:15,82.59432,7.94955
2020-06-05 14:30:14,82.59258,7.96158
2020-06-05 15:00:15,82.59132,7.96877
2020-06-05 15:30:15,82.59042,7.97496
2020-06-05 16:00:14,82.58948,7.98221
2020-06-05 16:30:15,82.58864,7.98736
2020-06-05 17:00:14,82.58792,7.98988
2020-06-05 17:30:15,82.58721,7.99107
2020-06-05 18:00:15,82.58662,7.99025
2020-06-05 18:30:15,82.58591,7.99146
2020-06-05 19:00:14,82.58517,7.9934
2020-06-05 19:30:15,82.58434,7.99672
2020-06-05 20:00:14,82.58375,8.00009
2020-06-05 20:30:14,82.5832,8.00395
2020-06-05 21:00:15,82.58253,8.0098
2020-06-05 21:30:14,82.58211,8.01642
2020-06-05 22:00:15,82.58177,8.02367
2020-06-05 22:30:15,82.5817,8.03205
2020-06-05 23:00:15,82.58181,8.04128
2020-06-05 23:30:14,82.58209,8.05169
2020-06-06 00:00:15,82.58253,8.06318
2020-06-06 00:30:14,82.58291,8.07515
2020-06-06 01:00:15,82.58318,8.08776
2020-06-06 01:30:15,82.58357,8.10151
2020-06-06 02:00:14,82.58405,8.11625
2020-06-06 02:30:15,82.58453,8.13178
2020-06-06 03:00:15,82.58498,8.14769
2020-06-06 03:30:15,82.58533,8.16336
2020-06-06 04:00:14,82.58568,8.17984
2020-06-06 04:30:15,82.58596,8.19622
2020-06-06 05:00:14,82.58608,8.21247
2020-06-06 05:30:15,82.58612,8.22776
2020-06-06 06:00:15,82.58596,8.24257
2020-06-06 06:30:15,82.58571,8.25677
2020-06-06 07:00:14,82.58543,8.27021
2020-06-06 07:30:15,82.58512,8.2829
2020-06-06 08:00:14,82.58479,8.29551
2020-06-06 08:30:14,82.58444,8.30827
2020-06-06 09:00:15,82.58405,8.32147
2020-06-06 09:30:14,82.58364,8.33513
2020-06-06 10:00:15,82.58327,8.34922
2020-06-06 10:30:15,82.58295,8.36408
2020-06-06 11:00:15,82.5827,8.37966
2020-06-06 11:30:14,82.58237,8.39708
2020-06-06 12:00:15,82.58218,8.4151
2020-06-06 12:30:14,82.58224,8.43327
2020-06-06 13:00:15,82.58231,8.44944
2020-06-06 13:30:15,82.58238,8.46371
2020-06-06 14:00:14,82.58266,8.47677
2020-06-06 14:30:15,82.58316,8.48861
2020-06-06 15:00:15,82.58368,8.50029
2020-06-06 15:30:15,82.58401,8.5118
2020-06-06 16:00:14,82.5843,8.5231
2020-06-06 16:30:15,82.58456,8.53442
2020-06-06 17:00:14,82.58472,8.54598
2020-06-06 17:30:15,82.58482,8.55651
2020-06-06 18:00:15,82.58498,8.56526
2020-06-06 18:30:15,82.58518,8.57075
2020-06-06 19:00:14,82.5853,8.57667
2020-06-06 19:30:15,82.58537,8.5812
2020-06-06 20:00:15,82.58539,8.58398
2020-06-06 20:30:14,82.58534,8.58638
2020-06-06 21:00:15,82.58539,8.58902
2020-06-06 21:30:14,82.58541,8.59189
2020-06-06 22:00:15,82.58548,8.59503
2020-06-06 22:30:15,82.5856,8.5989
2020-06-06 23:00:15,82.58577,8.60328
2020-06-06 23:30:14,82.58601,8.60837
2020-06-07 00:00:15,82.5863,8.61424
2020-06-07 00:30:14,82.58653,8.62045
2020-06-07 01:00:14,82.58678,8.62681
2020-06-07 01:30:15,82.587,8.63338
2020-06-07 02:00:14,82.58717,8.64004
2020-06-07 02:30:15,82.58733,8.64669
2020-06-07 03:00:15,82.58752,8.65333
2020-06-07 03:30:15,82.58771,8.65985
2020-06-07 04:00:14,82.58783,8.66568
2020-06-07 04:30:15,82.58788,8.67079
2020-06-07 05:00:14,82.58788,8.67514
2020-06-07 05:30:15,82.58778,8.67883
2020-06-07 06:00:15,82.58759,8.68172
2020-06-07 06:30:15,82.58725,8.68406
2020-06-07 07:00:14,82.58681,8.6858
2020-06-07 07:30:15,82.58621,8.68685
2020-06-07 08:00:15,82.58541,8.68702
2020-06-07 08:30:14,82.58459,8.68631
2020-06-07 09:00:15,82.58371,8.68472
2020-06-07 09:30:14,82.58266,8.68228
2020-06-07 10:00:15,82.58157,8.67994
2020-06-07 10:30:15,82.5806,8.67698
2020-06-07 11:00:15,82.57965,8.67274
2020-06-07 11:30:14,82.57888,8.6672
2020-06-07 12:00:15,82.57808,8.66172
2020-06-07 12:30:14,82.57724,8.65685
2020-06-07 13:00:14,82.5764,8.65196
2020-06-07 13:30:15,82.57572,8.6467
2020-06-07 14:00:14,82.5751,8.6414
2020-06-07 14:30:15,82.57451,8.63566
2020-06-07 15:00:15,82.57397,8.62965
2020-06-07 15:30:15,82.57333,8.62265
2020-06-07 16:00:14,82.57265,8.61409
2020-06-07 16:30:15,82.57219,8.60387
2020-06-07 17:00:14,82.57156,8.59166
2020-06-07 17:30:15,82.57093,8.57872
2020-06-07 18:00:15,82.57034,8.56368
2020-06-07 18:30:14,82.56961,8.54746
2020-06-07 19:00:15,82.56905,8.52846
2020-06-07 19:30:15,82.56834,8.50871
2020-06-07 20:00:15,82.56748,8.49046
2020-06-07 20:30:14,82.56679,8.47072
2020-06-07 21:00:15,82.56616,8.44933
2020-06-07 21:30:14,82.56547,8.42859
2020-06-07 22:00:15,82.56468,8.40825
2020-06-07 22:30:15,82.56404,8.38813
2020-06-07 23:00:15,82.5634,8.3706
2020-06-07 23:30:14,82.56271,8.354
2020-06-08 00:00:13,82.56173,8.33893
2020-06-08 00:30:14,82.56084,8.32425
2020-06-08 01:00:15,82.56013,8.30981
2020-06-08 01:30:16,82.55946,8.29604
2020-06-08 02:00:14,82.55887,8.28402
2020-06-08 02:30:15,82.55843,8.27302
2020-06-08 03:00:13,82.55807,8.26178
2020-06-08 03:30:14,82.55769,8.24997
2020-06-08 04:00:15,82.55723,8.23869
2020-06-08 04:30:16,82.55684,8.22758
2020-06-08 05:00:14,82.55639,8.21587
2020-06-08 05:30:15,82.55597,8.20399
2020-06-08 06:00:13,82.55563,8.19076
2020-06-08 06:30:14,82.55518,8.17669
2020-06-08 07:00:15,82.55466,8.16129
2020-06-08 07:30:13,82.55421,8.14563
2020-06-08 08:00:14,82.5537,8.12993
2020-06-08 08:30:15,82.55311,8.11394
2020-06-08 09:00:16,82.55243,8.0976
2020-06-08 09:30:14,82.55164,8.08111
2020-06-08 10:00:15,82.55081,8.06437
2020-06-08 10:30:13,82.55,8.04743
2020-06-08 11:00:14,82.5492,8.03055
2020-06-08 11:30:15,82.54839,8.0138
2020-06-08 12:00:16,82.54756,7.99731
2020-06-08 12:30:14,82.54678,7.98151
2020-06-08 13:00:15,82.54614,7.96616
2020-06-08 13:30:16,82.54559,7.95065
2020-06-08 14:00:14,82.5451,7.93453
2020-06-08 14:30:15,82.54471,7.91974
2020-06-08 15:00:13,82.54444,7.90438
2020-06-08 15:30:14,82.54423,7.88879
2020-06-08 16:00:15,82.54396,7.87511
2020-06-08 16:30:16,82.5438,7.86185
2020-06-08 17:00:14,82.54357,7.84727
2020-06-08 17:30:15,82.54328,7.8314
2020-06-08 18:00:13,82.54292,7.81449
2020-06-08 18:30:14,82.54257,7.79416
2020-06-08 19:00:15,82.54243,7.76666
2020-06-08 19:30:13,82.5422,7.73957
2020-06-08 20:00:14,82.54175,7.71856
2020-06-08 20:30:15,82.54131,7.69745
2020-06-08 21:00:16,82.54092,7.67634
2020-06-08 21:30:14,82.5407,7.65525
2020-06-08 22:00:15,82.54034,7.6357
2020-06-08 22:30:13,82.54005,7.61724
2020-06-08 23:00:14,82.53977,7.60015
2020-06-08 23:30:15,82.53944,7.58466
2020-06-09 00:00:16,82.53904,7.57041
2020-06-09 00:30:14,82.53863,7.55802
2020-06-09 01:00:15,82.5382,7.54725
2020-06-09 01:30:16,82.53764,7.53778
2020-06-09 02:00:14,82.53712,7.53072
2020-06-09 02:30:15,82.53656,7.52564
2020-06-09 03:00:13,82.53604,7.52081
2020-06-09 03:30:14,82.53528,7.51513
2020-06-09 04:00:15,82.53458,7.51087
2020-06-09 04:30:16,82.53383,7.5069
2020-06-09 05:00:14,82.53303,7.50295
2020-06-09 05:30:15,82.53207,7.49798
2020-06-09 06:00:13,82.531,7.49221
2020-06-09 06:30:14,82.52984,7.48593
2020-06-09 07:00:15,82.52859,7.47905
2020-06-09 07:30:13,82.52721,7.47139
2020-06-09 08:00:14,82.52572,7.46288
2020-06-09 08:30:15,82.52413,7.45364
2020-06-09 09:00:16,82.52242,7.44342
2020-06-09 09:30:14,82.52062,7.43296
2020-06-09 10:00:15,82.51873,7.4225
2020-06-09 10:30:13,82.51676,7.41171
2020-06-09 11:00:14,82.51473,7.40071
2020-06-09 11:30:15,82.51266,7.38979
2020-06-09 12:00:16,82.51056,7.37879
2020-06-09 12:30:14,82.50842,7.36804
2020-06-09 13:00:15,82.50628,7.35739
2020-06-09 13:30:13,82.50414,7.34677
2020-06-09 14:00:14,82.50198,7.33622
2020-06-09 14:30:15,82.49984,7.32531
2020-06-09 15:00:13,82.49784,7.31426
2020-06-09 15:30:14,82.49577,7.30332
2020-06-09 16:00:15,82.49379,7.29195
2020-06-09 16:30:16,82.49199,7.28145
2020-06-09 17:00:14,82.49024,7.27118
2020-06-09 17:30:15,82.48855,7.26077
2020-06-09 18:00:13,82.48687,7.24907
2020-06-09 18:30:14,82.48513,7.23792
2020-06-09 19:00:15,82.48347,7.22632
2020-06-09 19:30:13,82.48169,7.21302
2020-06-09 20:00:14,82.47999,7.19927
2020-06-09 20:30:15,82.47842,7.18457
2020-06-09 21:00:16,82.47694,7.16937
2020-06-09 21:30:14,82.47546,7.15476
2020-06-09 22:00:15,82.47407,7.14078
2020-06-09 22:30:13,82.47271,7.12753
2020-06-09 23:00:14,82.47136,7.11551
2020-06-09 23:30:15,82.47002,7.10483
2020-06-10 00:00:16,82.46874,7.09559
2020-06-10 00:30:14,82.46751,7.08756
2020-06-10 01:00:15,82.46631,7.08099
2020-06-10 01:30:13,82.46517,7.07568
2020-06-10 02:00:14,82.46407,7.07144
2020-06-10 02:30:15,82.46304,7.0683
2020-06-10 03:00:13,82.46207,7.06598
2020-06-10 03:30:14,82.461,7.06324
2020-06-10 04:00:15,82.46001,7.06161
2020-06-10 04:30:16,82.45902,7.06009
2020-06-10 05:00:14,82.45812,7.05881
2020-06-10 05:30:15,82.45716,7.05765
2020-06-10 06:00:13,82.4562,7.05659
2020-06-10 06:30:14,82.45524,7.05522
2020-06-10 07:00:15,82.45429,7.05376
2020-06-10 07:30:16,82.45333,7.05206
2020-06-10 08:00:14,82.45238,7.05033
2020-06-10 08:30:15,82.45148,7.04865
2020-06-10 09:00:16,82.45058,7.04696
2020-06-10 09:30:14,82.44964,7.04536
2020-06-10 10:00:15,82.44869,7.0442
2020-06-10 10:30:13,82.44776,7.04298
2020-06-10 11:00:14,82.4468,7.0424
2020-06-10 11:30:15,82.44584,7.04206
2020-06-10 12:00:16,82.44486,7.04173
2020-06-10 12:30:14,82.44395,7.04132
2020-06-10 13:00:15,82.44309,7.04083
2020-06-10 13:30:13,82.44227,7.04085
2020-06-10 14:00:14,82.44152,7.04111
2020-06-10 14:30:15,82.44076,7.04164
2020-06-10 15:00:13,82.44011,7.04238
2020-06-10 15:30:14,82.43952,7.04367
2020-06-10 16:00:15,82.43903,7.04539
2020-06-10 16:30:16,82.43863,7.04707
2020-06-10 17:00:14,82.43828,7.0493
2020-06-10 17:30:15,82.43797,7.05149
2020-06-10 18:00:13,82.43778,7.05421
2020-06-10 18:30:14,82.43764,7.05721
2020-06-10 19:00:15,82.43753,7.06006
2020-06-10 19:30:16,82.43737,7.06281
2020-06-10 20:00:14,82.43726,7.06628
2020-06-10 20:30:15,82.43726,7.06896
2020-06-10 21:00:16,82.43729,7.0735
2020-06-10 21:30:14,82.43736,7.07855
2020-06-10 22:00:15,82.43747,7.08437
2020-06-10 22:30:13,82.43763,7.09121
2020-06-10 23:00:14,82.43781,7.09914
2020-06-10 23:30:15,82.43799,7.10836
2020-06-11 00:00:16,82.43821,7.11858
2020-06-11 00:30:14,82.43844,7.12973
2020-06-11 01:00:15,82.43867,7.14165
2020-06-11 01:30:13,82.43893,7.15454
2020-06-11 02:00:14,82.43913,7.16794
2020-06-11 02:30:15,82.43929,7.18186
2020-06-11 03:00:13,82.43947,7.1961
2020-06-11 03:30:14,82.43969,7.21176
2020-06-11 04:00:15,82.43983,7.22708
2020-06-11 04:30:16,82.43999,7.24296
2020-06-11 05:00:14,82.44011,7.25862
2020-06-11 05:30:15,82.44017,7.27495
2020-06-11 06:00:13,82.44019,7.29249
2020-06-11 06:30:14,82.44036,7.31004
2020-06-11 07:00:15,82.44043,7.32774
2020-06-11 07:30:16,82.4404,7.34543
2020-06-11 08:00:14,82.44035,7.36285
2020-06-11 08:30:15,82.44028,7.37948
2020-06-11 09:00:16,82.44011,7.39537
2020-06-11 09:30:14,82.43984,7.41023
2020-06-11 10:00:15,82.43944,7.42407
2020-06-11 10:30:13,82.43884,7.43739
2020-06-11 11:00:14,82.43812,7.44962
2020-06-11 11:30:15,82.43729,7.46115
2020-06-11 12:00:16,82.43637,7.47199
2020-06-11 12:30:14,82.43539,7.48129
2020-06-11 13:00:15,82.43435,7.48938
2020-06-11 13:30:13,82.43325,7.49652
2020-06-11 14:00:14,82.43232,7.50266
2020-06-11 14:30:15,82.43153,7.50843
2020-06-11 15:00:16,82.43056,7.51393
2020-06-11 15:30:14,82.42952,7.51797
2020-06-11 16:00:15,82.42856,7.52085
2020-06-11 16:30:13,82.4278,7.52224
2020-06-11 17:00:14,82.42715,7.52267
2020-06-11 17:30:15,82.4266,7.52151
2020-06-11 18:00:13,82.4262,7.5182
2020-06-11 18:30:14,82.42576,7.51295
2020-06-11 19:00:15,82.42588,7.50675
2020-06-11 19:30:16,82.42596,7.50019
2020-06-11 20:00:14,82.42617,7.49311
2020-06-11 20:30:15,82.42652,7.48645
2020-06-11 21:00:13,82.42699,7.48007
2020-06-11 21:30:14,82.42745,7.47369
2020-06-11 22:00:15,82.42793,7.4689
2020-06-11 22:30:16,82.42838,7.46579
2020-06-11 23:00:14,82.42867,7.46523
2020-06-11 23:30:15,82.42867,7.4673
2020-06-12 00:00:13,82.42854,7.47094
2020-06-12 00:30:14,82.42831,7.47597
2020-06-12 01:00:15,82.428,7.48186
2020-06-12 01:30:13,82.42765,7.48821
2020-06-12 02:00:14,82.42727,7.49459
2020-06-12 02:30:15,82.42686,7.50163
2020-06-12 03:00:16,82.42647,7.50991
2020-06-12 03:30:14,82.42608,7.519
2020-06-12 04:00:15,82.42569,7.52841
2020-06-12 04:30:13,82.42545,7.53771
2020-06-12 05:00:14,82.42513,7.54701
2020-06-12 05:30:15,82.42476,7.55623
2020-06-12 06:00:16,82.42447,7.56553
2020-06-12 06:30:14,82.42416,7.57393
2020-06-12 07:00:15,82.42387,7.58079
2020-06-12 07:30:13,82.42367,7.58623
2020-06-12 08:00:14,82.42345,7.58993
2020-06-12 08:30:15,82.42321,7.59316
2020-06-12 09:00:13,82.4229,7.59599
2020-06-12 09:30:14,82.42249,7.59768
2020-06-12 10:00:15,82.42212,7.59723
2020-06-12 10:30:16,82.42173,7.59688
2020-06-12 11:00:14,82.42108,7.59726
2020-06-12 11:30:15,82.42016,7.5968
2020-06-12 12:00:13,82.41911,7.5954
2020-06-12 12:30:14,82.41789,7.59289
2020-06-12 13:00:15,82.4165,7.58906
2020-06-12 13:30:16,82.41504,7.58454
2020-06-12 14:00:14,82.41359,7.57922
2020-06-12 14:30:15,82.41211,7.57327
2020-06-12 15:00:16,82.41069,7.56627
2020-06-12 15:30:14,82.4091,7.55838
2020-06-12 16:00:15,82.40746,7.55064
2020-06-12 16:30:13,82.40591,7.54081
2020-06-12 17:00:14,82.40437,7.53167
2020-06-12 17:30:15,82.40279,7.5225
2020-06-12 18:00:16,82.40141,7.51112
2020-06-12 18:30:14,82.39986,7.49988
2020-06-12 19:00:15,82.39838,7.48643
2020-06-12 19:30:13,82.39688,7.47175
2020-06-12 20:00:14,82.395,7.46135
2020-06-12 20:30:15,82.39316,7.44874
2020-06-12 21:00:13,82.39123,7.4354
2020-06-12 21:30:14,82.38932,7.42047
2020-06-12 22:00:15,82.38716,7.4058
2020-06-12 22:30:16,82.3849,7.39108
2020-06-12 23:00:14,82.38247,7.37695
2020-06-12 23:30:15,82.37996,7.36279
2020-06-13 00:00:13,82.37733,7.34965
2020-06-13 00:30:14,82.37463,7.33836
2020-06-13 01:00:15,82.37188,7.32892
2020-06-13 01:30:16,82.36924,7.31888
2020-06-13 02:00:14,82.36649,7.31038
2020-06-13 02:30:15,82.36385,7.30446
2020-06-13 03:00:13,82.36145,7.30081
2020-06-13 03:30:14,82.35879,7.30002
2020-06-13 04:00:15,82.35567,7.3005
2020-06-13 04:30:13,82.35256,7.30282
2020-06-13 05:00:14,82.34948,7.30715
2020-06-13 05:30:15,82.3465,7.31318
2020-06-13 06:00:16,82.3436,7.32116
2020-06-13 06:30:14,82.34077,7.33014
2020-06-13 07:00:15,82.338,7.34043
2020-06-13 07:30:13,82.33532,7.35184
2020-06-13 08:00:14,82.33266,7.36394
2020-06-13 08:30:15,82.33004,7.37666
2020-06-13 09:00:16,82.32738,7.38952
2020-06-13 09:30:14,82.32469,7.40263
2020-06-13 10:00:15,82.32188,7.41553
2020-06-13 10:30:13,82.31891,7.4279
2020-06-13 11:00:14,82.31576,7.43906
2020-06-13 11:30:15,82.31237,7.44917
2020-06-13 12:00:16,82.3088,7.45836
2020-06-13 12:30:14,82.30509,7.46632
2020-06-13 13:00:15,82.30124,7.47328
2020-06-13 13:30:13,82.2972,7.47896
2020-06-13 14:00:14,82.29298,7.48279
2020-06-13 14:30:15,82.28872,7.48508
2020-06-13 15:00:13,82.28435,7.48542
2020-06-13 15:30:14,82.27996,7.48378
2020-06-13 16:00:15,82.2758,7.48115
2020-06-13 16:30:16,82.2719,7.47904
2020-06-13 17:00:14,82.26798,7.47924
2020-06-13 17:30:15,82.26381,7.48089
2020-06-13 18:00:13,82.26031,7.48197
2020-06-13 18:30:14,82.25696,7.47955
2020-06-13 19:00:15,82.25376,7.47702
2020-06-13 19:30:16,82.25105,7.471
2020-06-13 20:00:14,82.24866,7.46544
2020-06-13 20:30:15,82.24638,7.46615
2020-06-13 21:00:16,82.24433,7.46814
2020-06-13 21:30:14,82.24276,7.46978
2020-06-13 22:00:15,82.24135,7.47264
2020-06-13 22:30:13,82.24004,7.47734
2020-06-13 23:00:14,82.23882,7.48347
2020-06-13 23:30:15,82.23752,7.49238
2020-06-14 00:00:16,82.23613,7.50277
2020-06-14 00:30:14,82.23466,7.51343
2020-06-14 01:00:15,82.23316,7.52498
2020-06-14 01:30:13,82.23163,7.53685
2020-06-14 02:00:14,82.22996,7.54946
2020-06-14 02:30:15,82.22824,7.56205
2020-06-14 03:00:16,82.22656,7.57416
2020-06-14 03:30:14,82.22484,7.58574
2020-06-14 04:00:15,82.22314,7.59744
2020-06-14 04:30:13,82.22136,7.60857
2020-06-14 05:00:14,82.21963,7.61936
2020-06-14 05:30:15,82.21792,7.62931
2020-06-14 06:00:13,82.21638,7.63826
2020-06-14 06:30:14,82.21473,7.64677
2020-06-14 07:00:15,82.21317,7.65151
2020-06-14 07:30:16,82.21164,7.65488
2020-06-14 08:00:14,82.20985,7.65795
2020-06-14 08:30:15,82.20824,7.65969
2020-06-14 09:00:13,82.2067,7.66006
2020-06-14 09:30:14,82.20484,7.66109
2020-06-14 10:00:15,82.2029,7.66197
2020-06-14 10:30:16,82.20083,7.66305
2020-06-14 11:00:14,82.19869,7.66356
2020-06-14 11:30:15,82.19636,7.66333
2020-06-14 12:00:16,82.19376,7.6625
2020-06-14 12:30:14,82.19097,7.66057
2020-06-14 13:00:15,82.18796,7.65764
2020-06-14 13:30:13,82.18467,7.65348
2020-06-14 14:00:14,82.18113,7.64837
2020-06-14 14:30:15,82.17738,7.64129
2020-06-14 15:00:16,82.17358,7.63103
2020-06-14 15:30:14,82.16984,7.61864
2020-06-14 16:00:15,82.166,7.60611
2020-06-14 16:30:13,82.16231,7.59257
2020-06-14 17:00:14,82.15868,7.57907
2020-06-14 17:30:15,82.15514,7.5661
2020-06-14 18:00:13,82.15192,7.55167
2020-06-14 18:30:14,82.14883,7.53921
2020-06-14 19:00:15,82.14608,7.52648
2020-06-14 19:30:16,82.14371,7.51346
2020-06-14 20:00:14,82.14155,7.50349
2020-06-14 20:30:15,82.13969,7.49432
2020-06-14 21:00:13,82.13807,7.48619
2020-06-14 21:30:14,82.13657,7.48152
2020-06-14 22:00:15,82.13524,7.4789
2020-06-14 22:30:16,82.13383,7.47911
2020-06-14 23:00:14,82.13249,7.48124
2020-06-14 23:30:15,82.13129,7.48465
2020-06-15 00:00:13,82.13003,7.48915
2020-06-15 00:30:14,82.12867,7.49553
2020-06-15 01:00:15,82.12714,7.50339
2020-06-15 01:30:16,82.12552,7.51159
2020-06-15 02:00:14,82.12377,7.51989
2020-06-15 02:30:15,82.12192,7.52837
2020-06-15 03:00:16,82.11997,7.53712
2020-06-15 03:30:14,82.11797,7.54639
2020-06-15 04:00:15,82.11588,7.55604
2020-06-15 04:30:13,82.11375,7.56585
2020-06-15 05:00:14,82.11153,7.57601
2020-06-15 05:30:15,82.10927,7.58586
2020-06-15 06:00:16,82.10692,7.59511
2020-06-15 06:30:14,82.10469,7.60387
2020-06-15 07:00:15,82.10253,7.61285
2020-06-15 07:30:13,82.10044,7.62229
2020-06-15 08:00:14,82.0983,7.63191
2020-06-15 08:30:15,82.09612,7.64118
2020-06-15 09:00:16,82.09372,7.64987
2020-06-15 09:30:14,82.09117,7.65817
2020-06-15 10:00:15,82.08846,7.66624
2020-06-15 10:30:13,82.08549,7.67424
2020-06-15 11:00:14,82.08224,7.68068
2020-06-15 11:30:15,82.07864,7.68517
2020-06-15 12:00:13,82.07484,7.68832
2020-06-15 12:30:14,82.07075,7.69023
2020-06-15 13:00:15,82.06635,7.69035
2020-06-15 13:30:16,82.06164,7.68783
2020-06-15 14:00:14,82.05669,7.68364
2020-06-15 14:30:15,82.05154,7.67744
2020-06-15 15:00:13,82.04644,7.66836
2020-06-15 15:30:14,82.04136,7.6565
2020-06-15 16:00:15,82.03636,7.64201
2020-06-15 16:30:16,82.03155,7.62531
2020-06-15 17:00:14,82.02707,7.60732
2020-06-15 17:30:15,82.02284,7.59018
2020-06-15 18:00:16,82.01883,7.57347
2020-06-15 18:30:14,82.01498,7.55735
2020-06-15 19:00:15,82.01141,7.54291
2020-06-15 19:30:13,82.00817,7.53141
2020-06-15 20:00:14,82.00516,7.5229
2020-06-15 20:30:15,82.00228,7.51664
2020-06-15 21:00:16,81.99939,7.51373
2020-06-15 21:30:14,81.99632,7.51484
2020-06-15 22:00:15,81.99326,7.51855
2020-06-15 22:30:13,81.9902,7.52336
2020-06-15 23:00:14,81.98725,7.52936
2020-06-15 23:30:15,81.98431,7.537
2020-06-16 00:00:13,81.98122,7.54585
2020-06-16 00:30:14,81.97812,7.55445
2020-06-16 01:00:15,81.97484,7.56358
2020-06-16 01:30:16,81.97145,7.57239
2020-06-16 02:00:14,81.96792,7.58006
2020-06-16 02:30:15,81.96423,7.58657
2020-06-16 03:00:13,81.96037,7.59187
2020-06-16 03:30:14,81.95634,7.5954
2020-06-16 04:00:15,81.95219,7.59684
2020-06-16 04:30:16,81.94796,7.59596
2020-06-16 05:00:14,81.94389,7.5938
2020-06-16 05:30:15,81.93997,7.5908
2020-06-16 06:00:13,81.93615,7.58654
2020-06-16 06:30:14,81.93272,7.58203
2020-06-16 07:00:15,81.92965,7.57913
2020-06-16 07:30:16,81.9268,7.57724
2020-06-16 08:00:14,81.92422,7.5755
2020-06-16 08:30:15,81.92189,7.57432
2020-06-16 09:00:13,81.91971,7.57447
2020-06-16 09:30:14,81.9175,7.57571
2020-06-16 10:00:15,81.91524,7.57738
2020-06-16 10:30:16,81.91299,7.58002
2020-06-16 11:00:14,81.91083,7.58467
2020-06-16 11:30:15,81.90858,7.58935
2020-06-16 12:00:16,81.90611,7.59368
2020-06-16 12:30:14,81.90345,7.59763
2020-06-16 13:00:15,81.9007,7.60107
2020-06-16 13:30:13,81.89776,7.60251
2020-06-16 14:00:14,81.89464,7.6023
2020-06-16 14:30:15,81.89133,7.59995
2020-06-16 15:00:16,81.88786,7.59568
2020-06-16 15:30:14,81.88444,7.58921
2020-06-16 16:00:15,81.88104,7.58072
2020-06-16 16:30:13,81.87787,7.56955
2020-06-16 17:00:14,81.87491,7.55637
2020-06-16 17:30:15,81.87218,7.54229
2020-06-16 18:00:13,81.86963,7.52992
2020-06-16 18:30:14,81.86732,7.51828
2020-06-16 19:00:15,81.86524,7.50818
2020-06-16 19:30:16,81.86341,7.50054
2020-06-16 20:00:14,81.86189,7.49473
2020-06-16 20:30:15,81.86068,7.491
2020-06-16 21:00:13,81.8597,7.49069
2020-06-16 21:30:14,81.85884,7.49302
2020-06-16 22:00:15,81.85812,7.49793
2020-06-16 22:30:16,81.85754,7.50468
2020-06-16 23:00:14,81.85711,7.51328
2020-06-16 23:30:15,81.85669,7.52347
2020-06-17 00:00:16,81.85625,7.53468
2020-06-17 00:30:14,81.85574,7.5468
2020-06-17 01:00:15,81.85512,7.55938
2020-06-17 01:30:13,81.85433,7.57223
2020-06-17 02:00:14,81.85333,7.58481
2020-06-17 02:30:15,81.85212,7.59697
2020-06-17 03:00:16,81.85064,7.60842
2020-06-17 03:30:14,81.84895,7.61877
2020-06-17 04:00:15,81.84705,7.62775
2020-06-17 04:30:13,81.84502,7.63547
2020-06-17 05:00:14,81.84293,7.64196
2020-06-17 05:30:15,81.84087,7.64746
2020-06-17 06:00:16,81.83885,7.65207
2020-06-17 06:30:14,81.83682,7.65604
2020-06-17 07:00:15,81.83489,7.65957
2020-06-17 07:30:16,81.83302,7.66292
2020-06-17 08:00:14,81.83128,7.66603
2020-06-17 08:30:15,81.82967,7.66944
2020-06-17 09:00:13,81.82822,7.67288
2020-06-17 09:30:14,81.82685,7.6767
2020-06-17 10:00:15,81.82556,7.68161
2020-06-17 10:30:16,81.82424,7.68761
2020-06-17 11:00:14,81.82289,7.69419
2020-06-17 11:30:15,81.82148,7.70131
2020-06-17 12:00:13,81.81996,7.70861
2020-06-17 12:30:14,81.81825,7.71532
2020-06-17 13:00:15,81.81643,7.72099
2020-06-17 13:30:13,81.8144,7.72608
2020-06-17 14:00:14,81.8122,7.73005
2020-06-17 14:30:15,81.81001,7.73257
2020-06-17 15:00:16,81.80772,7.73382
2020-06-17 15:30:14,81.80536,7.73366
2020-06-17 16:00:15,81.80304,7.7317
2020-06-17 16:30:13,81.80079,7.72807
2020-06-17 17:00:14,81.79853,7.72276
2020-06-17 17:30:15,81.79646,7.71583
2020-06-17 18:00:16,81.79453,7.70751
2020-06-17 18:30:14,81.79295,7.69871
2020-06-17 19:00:15,81.79172,7.69044
2020-06-17 19:30:13,81.7907,7.68267
2020-06-17 20:00:14,81.78993,7.67644
2020-06-17 20:30:15,81.7894,7.67136
2020-06-17 21:00:13,81.78911,7.66767
2020-06-17 21:30:14,81.78896,7.66623
2020-06-17 22:00:15,81.78888,7.66703
2020-06-17 22:30:16,81.78873,7.67041
2020-06-17 23:00:14,81.78851,7.67632
2020-06-17 23:30:15,81.78827,7.68424
2020-06-18 00:00:13,81.78792,7.69394
2020-06-18 00:30:14,81.78745,7.7046
2020-06-18 01:00:15,81.7869,7.71524
2020-06-18 01:30:16,81.78619,7.72545
2020-06-18 02:00:14,81.78528,7.73493
2020-06-18 02:30:15,81.78417,7.74329
2020-06-18 03:00:13,81.78283,7.75027
2020-06-18 03:30:14,81.78124,7.75581
2020-06-18 04:00:15,81.77948,7.75928
2020-06-18 04:30:13,81.77756,7.76091
2020-06-18 05:00:14,81.77551,7.7609
2020-06-18 05:30:15,81.7734,7.75918
2020-06-18 06:00:16,81.77132,7.75633
2020-06-18 06:30:14,81.76928,7.75287
2020-06-18 07:00:15,81.76725,7.74831
2020-06-18 07:30:13,81.76525,7.74341
2020-06-18 08:00:14,81.76329,7.73901
2020-06-18 08:30:15,81.76144,7.73548
2020-06-18 09:00:16,81.75964,7.73292
2020-06-18 09:30:14,81.75792,7.73147
2020-06-18 10:00:15,81.75623,7.73107
2020-06-18 10:30:16,81.75453,7.73191
2020-06-18 11:00:14,81.75278,7.73383
2020-06-18 11:30:15,81.75098,7.73663
2020-06-18 12:00:13,81.74904,7.7402
2020-06-18 12:30:14,81.74699,7.74425
2020-06-18 13:00:15,81.7448,7.74775
2020-06-18 13:30:16,81.74251,7.74994
2020-06-18 14:00:14,81.74007,7.75023
2020-06-18 14:30:15,81.73752,7.74857
2020-06-18 15:00:13,81.73491,7.74507
2020-06-18 15:30:14,81.73231,7.73934
2020-06-18 16:00:15,81.72979,7.73192
2020-06-18 16:30:13,81.72737,7.72347
2020-06-18 17:00:14,81.72516,7.71438
2020-06-18 17:30:15,81.72324,7.70508
2020-06-18 18:00:16,81.72166,7.69598
2020-06-18 18:30:14,81.72054,7.68732
2020-06-18 19:00:15,81.71967,7.67934
2020-06-18 19:30:13,81.71904,7.6717
2020-06-18 20:00:14,81.7187,7.66433
2020-06-18 20:30:15,81.71854,7.6579
2020-06-18 21:00:16,81.71865,7.65346
2020-06-18 21:30:14,81.71893,7.65097
2020-06-18 22:00:15,81.71927,7.65071
2020-06-18 22:30:13,81.71954,7.6537
2020-06-18 23:00:14,81.71993,7.65922
2020-06-18 23:30:15,81.72029,7.66735
2020-06-19 00:00:13,81.7207,7.67729
2020-06-19 00:30:14,81.72115,7.68833
2020-06-19 01:00:15,81.7216,7.70057
2020-06-19 01:30:16,81.722,7.71382
2020-06-19 02:00:14,81.72232,7.72754
2020-06-19 02:30:15,81.7225,7.74122
2020-06-19 03:00:13,81.72255,7.75452
2020-06-19 03:30:14,81.72237,7.76724
2020-06-19 04:00:15,81.72202,7.77927
2020-06-19 04:30:16,81.72148,7.79048
2020-06-19 05:00:14,81.72073,7.80058
2020-06-19 05:30:15,81.71977,7.80945
2020-06-19 06:00:13,81.7187,7.81637
2020-06-19 06:30:14,81.71761,7.82136
2020-06-19 07:00:15,81.71661,7.82498
2020-06-19 07:30:13,81.71574,7.82778
2020-06-19 08:00:14,81.71507,7.83082
2020-06-19 08:30:15,81.71452,7.83497
2020-06-19 09:00:16,81.71424,7.8418
2020-06-19 09:30:14,81.71432,7.8515
2020-06-19 10:00:15,81.71462,7.86221
2020-06-19 10:30:13,81.71513,7.87382
2020-06-19 11:00:14,81.71561,7.88703
2020-06-19 11:30:15,81.71603,7.90179
2020-06-19 12:00:16,81.71637,7.9172
2020-06-19 12:30:14,81.71672,7.9329
2020-06-19 13:00:15,81.71697,7.94929
2020-06-19 13:30:16,81.71706,7.96556
2020-06-19 14:00:14,81.71695,7.97973
2020-06-19 14:30:15,81.71674,7.98921
2020-06-19 15:00:13,81.71661,7.99371
2020-06-19 15:30:14,81.71665,7.99581
2020-06-19 16:00:15,81.71669,7.99685
2020-06-19 16:30:16,81.71679,7.99809
2020-06-19 17:00:14,81.7169,7.99813
2020-06-19 17:30:15,81.71712,7.99707
2020-06-19 18:00:13,81.71747,7.99516
2020-06-19 18:30:14,81.71793,7.99311
2020-06-19 19:00:15,81.71848,7.99156
2020-06-19 19:30:16,81.7192,7.99051
2020-06-19 20:00:14,81.72004,7.99069
2020-06-19 20:30:15,81.72107,7.99263
2020-06-19 21:00:13,81.72218,7.99665
2020-06-19 21:30:14,81.72343,8.00274
2020-06-19 22:00:15,81.72471,8.01124
2020-06-19 22:30:13,81.72582,8.02292
2020-06-19 23:00:14,81.72705,8.03695
2020-06-19 23:30:15,81.72823,8.05284
2020-06-20 00:00:16,81.72942,8.06962
2020-06-20 00:30:14,81.73058,8.08699
2020-06-20 01:00:15,81.7317,8.10468
2020-06-20 01:30:13,81.73273,8.12235
2020-06-20 02:00:14,81.7336,8.13944
2020-06-20 02:30:15,81.73436,8.15533
2020-06-20 03:00:16,81.73502,8.16973
2020-06-20 03:30:14,81.73548,8.18318
2020-06-20 04:00:15,81.73577,8.1952
2020-06-20 04:30:13,81.73592,8.20557
2020-06-20 05:00:14,81.73589,8.21453
2020-06-20 05:30:15,81.73568,8.22174
2020-06-20 06:00:16,81.73523,8.22749
2020-06-20 06:30:14,81.73461,8.23167
2020-06-20 07:00:15,81.73389,8.23429
2020-06-20 07:30:16,81.73306,8.23605
2020-06-20 08:00:14,81.73217,8.23664
2020-06-20 08:30:15,81.7312,8.23718
2020-06-20 09:00:13,81.73021,8.23679
2020-06-20 09:30:14,81.72919,8.23617
2020-06-20 10:00:15,81.72812,8.23537
2020-06-20 10:30:16,81.72704,8.23435
2020-06-20 11:00:14,81.72591,8.23316
2020-06-20 11:30:15,81.72478,8.23238
2020-06-20 12:00:13,81.72366,8.23118
2020-06-20 12:30:14,81.72253,8.22968
2020-06-20 13:00:15,81.72137,8.22763
2020-06-20 13:30:13,81.72016,8.22478
2020-06-20 14:00:14,81.71893,8.22081
2020-06-20 14:30:15,81.7177,8.2152
2020-06-20 15:00:16,81.71647,8.208
2020-06-20 15:30:14,81.71523,8.19922
2020-06-20 16:00:15,81.71408,8.1884
2020-06-20 16:30:13,81.71307,8.17554
2020-06-20 17:00:14,81.71219,8.16158
2020-06-20 17:30:15,81.71151,8.14696
2020-06-20 18:00:16,81.711,8.13197
2020-06-20 18:30:14,81.71068,8.11745
2020-06-20 19:00:15,81.71057,8.10382
2020-06-20 19:30:13,81.71057,8.0914
2020-06-20 20:00:14,81.71066,8.08118
2020-06-20 20:30:15,81.71082,8.07367
2020-06-20 21:00:13,81.71105,8.06833
2020-06-20 21:30:14,81.71135,8.06543
2020-06-20 22:00:15,81.71173,8.0647
2020-06-20 22:30:16,81.71209,8.0667
2020-06-20 23:00:14,81.71249,8.07149
2020-06-20 23:30:15,81.71292,8.07828
2020-06-21 00:00:13,81.7134,8.0866
2020-06-21 00:30:14,81.71381,8.09653
2020-06-21 01:00:15,81.71421,8.10723
2020-06-21 01:30:16,81.71458,8.11824
2020-06-21 02:00:14,81.71483,8.12935
2020-06-21 02:30:15,81.715,8.14085
2020-06-21 03:00:13,81.71501,8.15239
2020-06-21 03:30:14,81.71487,8.16361
2020-06-21 04:00:15,81.71455,8.17389
2020-06-21 04:30:13,81.71403,8.18281
2020-06-21 05:00:14,81.71329,8.18999
2020-06-21 05:30:15,81.71233,8.19543
2020-06-21 06:00:16,81.71114,8.1993
2020-06-21 06:30:14,81.70975,8.20209
2020-06-21 07:00:15,81.70815,8.20381
2020-06-21 07:30:13,81.70638,8.2044
2020-06-21 08:00:14,81.70451,8.20437
2020-06-21 08:30:15,81.70253,8.20406
2020-06-21 09:00:16,81.70042,8.20325
2020-06-21 09:30:14,81.69823,8.20216
2020-06-21 10:00:15,81.69596,8.20108
2020-06-21 10:30:13,81.69364,8.19904
2020-06-21 11:00:14,81.69135,8.19611
2020-06-21 11:30:15,81.68917,8.19256
2020-06-21 12:00:16,81.68716,8.18875
2020-06-21 12:30:14,81.68528,8.18498
2020-06-21 13:00:15,81.68346,8.18103
2020-06-21 13:30:16,81.68173,8.17651
2020-06-21 14:00:14,81.68018,8.17112
2020-06-21 14:30:15,81.67875,8.16541
2020-06-21 15:00:13,81.67756,8.15974
2020-06-21 15:30:14,81.67657,8.15356
2020-06-21 16:00:15,81.67588,8.14724
2020-06-21 16:30:16,81.67542,8.14045
2020-06-21 17:00:14,81.67517,8.13357
2020-06-21 17:30:15,81.67522,8.12676
2020-06-21 18:00:13,81.67549,8.12041
2020-06-21 18:30:14,81.6759,8.11435
2020-06-21 19:00:15,81.67643,8.10941
2020-06-21 19:30:13,81.67696,8.10521
2020-06-21 20:00:14,81.67754,8.10229
2020-06-21 20:30:15,81.6779,8.10048
2020-06-21 21:00:16,81.67831,8.09974
2020-06-21 21:30:14,81.67877,8.10037
2020-06-21 22:00:15,81.67936,8.10245
2020-06-21 22:30:13,81.68005,8.10641
2020-06-21 23:00:14,81.68086,8.11285
2020-06-21 23:30:15,81.68179,8.12156
2020-06-22 00:00:16,81.68277,8.13202
2020-06-22 00:30:14,81.68382,8.14432
2020-06-22 01:00:15,81.68492,8.1581
2020-06-22 01:30:13,81.6861,8.17254
2020-06-22 02:00:14,81.68731,8.18764
2020-06-22 02:30:15,81.68856,8.20297
2020-06-22 03:00:16,81.68981,8.21815
2020-06-22 03:30:14,81.69106,8.23264
2020-06-22 04:00:15,81.69217,8.24636
2020-06-22 04:30:13,81.69312,8.25921
2020-06-22 05:00:14,81.69386,8.27087
2020-06-22 05:30:15,81.69441,8.28088
2020-06-22 06:00:16,81.69477,8.28926
2020-06-22 06:30:14,81.69493,8.29619
2020-06-22 07:00:15,81.69482,8.3021
2020-06-22 07:30:13,81.69444,8.30709
2020-06-22 08:00:14,81.69376,8.31044
2020-06-22 08:30:15,81.69291,8.31241
2020-06-22 09:00:16,81.69193,8.31297
2020-06-22 09:30:14,81.69086,8.31263
2020-06-22 10:00:15,81.68967,8.31135
2020-06-22 10:30:13,81.68837,8.30913
2020-06-22 11:00:14,81.68701,8.30581
2020-06-22 11:30:15,81.68559,8.30151
2020-06-22 12:00:13,81.68416,8.29647
2020-06-22 12:30:14,81.68287,8.29129
2020-06-22 13:00:15,81.68176,8.28627
2020-06-22 13:30:16,81.68077,8.28073
2020-06-22 14:00:14,81.68007,8.27483
2020-06-22 14:30:15,81.6797,8.26916
2020-06-22 15:00:13,81.67961,8.26344
2020-06-22 15:30:14,81.67979,8.25737
2020-06-22 16:00:15,81.68023,8.25063
2020-06-22 16:30:13,81.68107,8.24468
2020-06-22 17:00:14,81.68209,8.24043
2020-06-22 17:30:15,81.68327,8.23669
2020-06-22 18:00:16,81.68476,8.23437
2020-06-22 18:30:14,81.68633,8.23295
2020-06-22 19:00:15,81.68785,8.2323
2020-06-22 19:30:13,81.68932,8.23258
2020-06-22 20:00:14,81.69077,8.23417
2020-06-22 20:30:15,81.69227,8.23726
2020-06-22 21:00:16,81.69381,8.24237
2020-06-22 21:30:14,81.69537,8.24956
2020-06-22 22:00:15,81.69698,8.25857
2020-06-22 22:30:13,81.69867,8.26936
2020-06-22 23:00:14,81.70046,8.28178
2020-06-22 23:30:15,81.70249,8.29606
2020-06-23 00:00:16,81.70473,8.31198
2020-06-23 00:30:14,81.70715,8.32977
2020-06-23 01:00:15,81.70966,8.34979
2020-06-23 01:30:13,81.71219,8.37157
2020-06-23 02:00:14,81.71473,8.39476
2020-06-23 02:30:15,81.71724,8.41896
2020-06-23 03:00:16,81.71967,8.44386
2020-06-23 03:30:14,81.72193,8.46877
2020-06-23 04:00:15,81.72405,8.49356
2020-06-23 04:30:13,81.72598,8.51782
2020-06-23 05:00:14,81.72756,8.54102
2020-06-23 05:30:15,81.72888,8.56233
2020-06-23 06:00:13,81.72985,8.58201
2020-06-23 06:30:14,81.73044,8.60003
2020-06-23 07:00:15,81.73069,8.61604
2020-06-23 07:30:16,81.73061,8.62988
2020-06-23 08:00:14,81.73021,8.64178
2020-06-23 08:30:15,81.72951,8.65175
2020-06-23 09:00:13,81.72858,8.65959
2020-06-23 09:30:14,81.72748,8.6659
2020-06-23 10:00:15,81.72626,8.67077
2020-06-23 10:30:16,81.72501,8.67459
2020-06-23 11:00:14,81.72376,8.67766
2020-06-23 11:30:15,81.72253,8.67998
2020-06-23 12:00:13,81.72137,8.6815
2020-06-23 12:30:14,81.7204,8.6828
2020-06-23 13:00:15,81.71954,8.68404
2020-06-23 13:30:16,81.71876,8.68466
2020-06-23 14:00:14,81.71806,8.68397
2020-06-23 14:30:15,81.71758,8.68239
2020-06-23 15:00:13,81.71726,8.68003
2020-06-23 15:30:14,81.71719,8.67665
2020-06-23 16:00:15,81.71735,8.67216
2020-06-23 16:30:13,81.71783,8.66683
2020-06-23 17:00:14,81.71861,8.66088
2020-06-23 17:30:15,81.71975,8.65502
2020-06-23 18:00:16,81.72124,8.64906
2020-06-23 18:30:14,81.72305,8.64338
2020-06-23 19:00:15,81.72505,8.63831
2020-06-23 19:30:13,81.7272,8.634
2020-06-23 20:00:14,81.72948,8.63054
2020-06-23 20:30:15,81.7319,8.62807
2020-06-23 21:00:16,81.73441,8.62702
2020-06-23 21:30:14,81.73701,8.62771
2020-06-23 22:00:15,81.73962,8.63012
2020-06-23 22:30:13,81.74216,8.63449
2020-06-23 23:00:14,81.74469,8.64081
2020-06-23 23:30:15,81.74727,8.64895
2020-06-24 00:00:16,81.74988,8.65913
2020-06-24 00:30:14,81.75249,8.67109
2020-06-24 01:00:15,81.75508,8.68463
2020-06-24 01:30:16,81.75758,8.69986
2020-06-24 02:00:14,81.75997,8.71604
2020-06-24 02:30:15,81.76232,8.73289
2020-06-24 03:00:13,81.76452,8.75069
2020-06-24 03:30:14,81.76657,8.76885
2020-06-24 04:00:15,81.76846,8.78662
2020-06-24 04:30:16,81.77023,8.80412
2020-06-24 05:00:14,81.77176,8.82113
2020-06-24 05:30:15,81.77301,8.83722
2020-06-24 06:00:13,81.77401,8.8519
2020-06-24 06:30:14,81.77479,8.86492
2020-06-24 07:00:15,81.77525,8.87601
2020-06-24 07:30:16,81.77534,8.88547
2020-06-24 08:00:14,81.77505,8.89333
2020-06-24 08:30:15,81.77441,8.89934
2020-06-24 09:00:16,81.77347,8.90359
2020-06-24 09:30:14,81.77228,8.90602
2020-06-24 10:00:15,81.77096,8.90683
2020-06-24 10:30:13,81.76949,8.90653
2020-06-24 11:00:14,81.76792,8.9051
2020-06-24 11:30:15,81.7663,8.90253
2020-06-24 12:00:16,81.76459,8.89939
2020-06-24 12:30:14,81.76295,8.89573
2020-06-24 13:00:15,81.76136,8.89119
2020-06-24 13:30:13,81.75985,8.88593
2020-06-24 14:00:14,81.75849,8.87982
2020-06-24 14:30:15,81.75732,8.87309
2020-06-24 15:00:16,81.7564,8.86603
2020-06-24 15:30:14,81.7558,8.8586
2020-06-24 16:00:15,81.75551,8.85073
2020-06-24 16:30:13,81.75546,8.84263
2020-06-24 17:00:14,81.75571,8.83472
2020-06-24 17:30:15,81.75628,8.82688
2020-06-24 18:00:13,81.75713,8.81922
2020-06-24 18:30:14,81.75817,8.81188
2020-06-24 19:00:15,81.7594,8.80511
2020-06-24 19:30:16,81.76083,8.79875
2020-06-24 20:00:14,81.76244,8.79298
2020-06-24 20:30:15,81.76425,8.78811
2020-06-24 21:00:13,81.76616,8.78458
2020-06-24 21:30:14,81.76819,8.78264
2020-06-24 22:00:15,81.77019,8.78281
2020-06-24 22:30:16,81.77215,8.78547
2020-06-24 23:00:14,81.77409,8.79068
2020-06-24 23:30:15,81.77602,8.79842
2020-06-25 00:00:13,81.77792,8.80897
2020-06-25 00:30:14,81.77985,8.82178
2020-06-25 01:00:15,81.7818,8.83694
2020-06-25 01:30:16,81.78369,8.8543
2020-06-25 02:00:14,81.78553,8.87358
2020-06-25 02:30:15,81.78728,8.89417
2020-06-25 03:00:13,81.78893,8.9156
2020-06-25 03:30:14,81.79048,8.93711
2020-06-25 04:00:15,81.79184,8.9577
2020-06-25 04:30:13,81.79308,8.97693
2020-06-25 05:00:14,81.79414,8.99469
2020-06-25 05:30:15,81.79503,9.01063
2020-06-25 06:00:16,81.79575,9.02452
2020-06-25 06:30:14,81.7963,9.03636
2020-06-25 07:00:15,81.79662,9.0462
2020-06-25 07:30:13,81.79676,9.0542
2020-06-25 08:00:14,81.79665,9.06106
2020-06-25 08:30:15,81.79632,9.0659
2020-06-25 09:00:16,81.79567,9.06903
2020-06-25 09:30:14,81.79475,9.07128
2020-06-25 10:00:15,81.79352,9.07164
2020-06-25 10:30:13,81.79212,9.07103
2020-06-25 11:00:14,81.79054,9.06883
2020-06-25 11:30:15,81.78877,9.06542
2020-06-25 12:00:16,81.78683,9.0607
2020-06-25 12:30:14,81.78478,9.05486
2020-06-25 13:00:15,81.78265,9.04827
2020-06-25 13:30:13,81.7805,9.04173
2020-06-25 14:00:14,81.77836,9.03477
2020-06-25 14:30:15,81.77627,9.02709
2020-06-25 15:00:13,81.77427,9.01894
2020-06-25 15:30:14,81.77238,9.01019
2020-06-25 16:00:15,81.77065,9.00096
2020-06-25 16:30:16,81.76912,8.99105
2020-06-25 17:00:14,81.76778,8.98042
2020-06-25 17:30:15,81.76665,8.96899
2020-06-25 18:00:13,81.76585,8.95734
2020-06-25 18:30:14,81.76537,8.94534
2020-06-25 19:00:15,81.7652,8.93341
2020-06-25 19:30:16,81.76529,8.92181
2020-06-25 20:00:14,81.76573,8.91095
2020-06-25 20:30:15,81.76644,8.90119
2020-06-25 21:00:13,81.76736,8.89286
2020-06-25 21:30:14,81.76841,8.88586
2020-06-25 22:00:15,81.76958,8.88033
2020-06-25 22:30:16,81.77087,8.8768
2020-06-25 23:00:14,81.77225,8.87547
2020-06-25 23:30:15,81.77368,8.87632
2020-06-26 00:00:13,81.77513,8.87936
2020-06-26 00:30:14,81.77652,8.88475
2020-06-26 01:00:15,81.77777,8.89258
2020-06-26 01:30:16,81.77889,8.90244
2020-06-26 02:00:14,81.77993,8.91401
2020-06-26 02:30:15,81.78087,8.9274
2020-06-26 03:00:13,81.78168,8.94248
2020-06-26 03:30:14,81.78236,8.95848
2020-06-26 04:00:15,81.78292,8.97486
2020-06-26 04:30:16,81.78332,8.99166
2020-06-26 05:00:14,81.78357,9.00866
2020-06-26 05:30:15,81.78364,9.02534
2020-06-26 06:00:13,81.78349,9.04121
2020-06-26 06:30:14,81.78317,9.05593
2020-06-26 07:00:15,81.78262,9.06933
2020-06-26 07:30:13,81.78169,9.08184
2020-06-26 08:00:14,81.78053,9.09331
2020-06-26 08:30:15,81.77917,9.10281
2020-06-26 09:00:16,81.77763,9.10969
2020-06-26 09:30:14,81.77583,9.11456
2020-06-26 10:00:15,81.77377,9.11755
2020-06-26 10:30:13,81.77151,9.1187
2020-06-26 11:00:14,81.76892,9.11824
2020-06-26 11:30:15,81.76614,9.11595
2020-06-26 12:00:16,81.76313,9.11188
2020-06-26 12:30:14,81.75993,9.106
2020-06-26 13:00:15,81.75649,9.09847
2020-06-26 13:30:13,81.75289,9.0892
2020-06-26 14:00:14,81.74925,9.07797
2020-06-26 14:30:15,81.74565,9.06556
2020-06-26 15:00:16,81.74213,9.05266
2020-06-26 15:30:14,81.73873,9.03966
2020-06-26 16:00:15,81.73548,9.02622
2020-06-26 16:30:13,81.73243,9.01182
2020-06-26 17:00:14,81.72956,8.99678
2020-06-26 17:30:15,81.72691,8.98218
2020-06-26 18:00:13,81.72443,8.96632
2020-06-26 18:30:14,81.72216,8.95004
2020-06-26 19:00:15,81.72015,8.93333
2020-06-26 19:30:16,81.71849,8.91658
2020-06-26 20:00:14,81.7172,8.89999
2020-06-26 20:30:15,81.7162,8.88418
2020-06-26 21:00:13,81.71555,8.86951
2020-06-26 21:30:14,81.7152,8.85598
2020-06-26 22:00:15,81.7151,8.84385
2020-06-26 22:30:16,81.71513,8.83357
2020-06-26 23:00:14,81.71528,8.82556
2020-06-26 23:30:15,81.71549,8.81995
2020-06-27 00:00:13,81.71565,8.81685
2020-06-27 00:30:14,81.71563,8.81605
2020-06-27 01:00:15,81.71547,8.81751
2020-06-27 01:30:16,81.71505,8.82053
2020-06-27 02:00:14,81.71461,8.82475
2020-06-27 02:30:15,81.7141,8.83024
2020-06-27 03:00:13,81.71348,8.83657
2020-06-27 03:30:14,81.71269,8.8435
2020-06-27 04:00:15,81.71173,8.85015
2020-06-27 04:30:16,81.71073,8.85573
2020-06-27 05:00:14,81.70976,8.8603
2020-06-27 05:30:15,81.70882,8.86409
2020-06-27 06:00:13,81.70792,8.86768
2020-06-27 06:30:14,81.70705,8.87169
2020-06-27 07:00:15,81.70615,8.87518
2020-06-27 07:30:13,81.70515,8.87792
2020-06-27 08:00:14,81.70397,8.87976
2020-06-27 08:30:15,81.70263,8.88011
2020-06-27 09:00:16,81.7012,8.87906
2020-06-27 09:30:14,81.6996,8.87708
2020-06-27 10:00:15,81.69781,8.87423
2020-06-27 10:30:13,81.69584,8.87053
2020-06-27 11:00:14,81.69353,8.86583
2020-06-27 11:30:15,81.69097,8.86052
2020-06-27 12:00:16,81.68822,8.85439
2020-06-27 12:30:14,81.68528,8.84747
2020-06-27 13:00:15,81.68214,8.83991
2020-06-27 13:30:13,81.67889,8.8317
2020-06-27 14:00:14,81.67551,8.82312
2020-06-27 14:30:15,81.67203,8.8139
2020-06-27 15:00:16,81.6686,8.80397
2020-06-27 15:30:14,81.66529,8.79342
2020-06-27 16:00:15,81.66212,8.78192
2020-06-27 16:30:13,81.65916,8.76931
2020-06-27 17:00:14,81.65641,8.75587
2020-06-27 17:30:15,81.65396,8.74172
2020-06-27 18:00:13,81.65189,8.72713
2020-06-27 18:30:14,81.65016,8.71236
2020-06-27 19:00:15,81.64884,8.69762
2020-06-27 19:30:16,81.6479,8.68283
2020-06-27 20:00:14,81.64736,8.66832
2020-06-27 20:30:15,81.64704,8.65446
2020-06-27 21:00:13,81.64695,8.6415
2020-06-27 21:30:14,81.64696,8.62924
2020-06-27 22:00:15,81.64703,8.61767
2020-06-27 22:30:16,81.6471,8.60701
2020-06-27 23:00:14,81.64726,8.59727
2020-06-27 23:30:15,81.64742,8.58902
2020-06-28 00:00:13,81.64751,8.58219
2020-06-28 00:30:14,81.64748,8.57682
2020-06-28 01:00:15,81.6474,8.57305
2020-06-28 01:30:13,81.64717,8.57086
2020-06-28 02:00:14,81.64681,8.57036
2020-06-28 02:30:15,81.64632,8.57121
2020-06-28 03:00:16,81.64585,8.57368
2020-06-28 03:30:14,81.64512,8.57602
2020-06-28 04:00:15,81.6442,8.57828
2020-06-28 04:30:13,81.64319,8.58061
2020-06-28 05:00:14,81.64212,8.58272
2020-06-28 05:30:15,81.64107,8.58385
2020-06-28 06:00:16,81.64002,8.58444
2020-06-28 06:30:14,81.63898,8.58464
2020-06-28 07:00:15,81.6378,8.58443
2020-06-28 07:30:13,81.63649,8.58337
2020-06-28 08:00:14,81.63512,8.58063
2020-06-28 08:30:15,81.63368,8.57693
2020-06-28 09:00:16,81.63206,8.57288
2020-06-28 09:30:14,81.63028,8.56868
2020-06-28 10:00:15,81.6282,8.56399
2020-06-28 10:30:13,81.62587,8.55866
2020-06-28 11:00:14,81.62328,8.55234
2020-06-28 11:30:15,81.62045,8.54501
2020-06-28 12:00:16,81.61736,8.53674
2020-06-28 12:30:14,81.61409,8.52765
2020-06-28 13:00:15,81.61063,8.51738
2020-06-28 13:30:13,81.60706,8.5061
2020-06-28 14:00:14,81.60346,8.49445
2020-06-28 14:30:15,81.59982,8.48239
2020-06-28 15:00:16,81.59618,8.46998
2020-06-28 15:30:14,81.59267,8.45714
2020-06-28 16:00:15,81.58926,8.44361
2020-06-28 16:30:13,81.58605,8.42994
2020-06-28 17:00:14,81.58305,8.41603
2020-06-28 17:30:15,81.58033,8.40217
2020-06-28 18:00:13,81.57796,8.3882
2020-06-28 18:30:14,81.5759,8.37412
2020-06-28 19:00:15,81.5742,8.36048
2020-06-28 19:30:16,81.57294,8.34742
2020-06-28 20:00:14,81.57214,8.33516
2020-06-28 20:30:15,81.57173,8.32344
2020-06-28 21:00:13,81.57166,8.31275
2020-06-28 21:30:14,81.57198,8.30289
2020-06-28 22:00:15,81.57255,8.29536
2020-06-28 22:30:16,81.57317,8.29052
2020-06-28 23:00:14,81.57367,8.28751
2020-06-28 23:30:15,81.57403,8.28585
2020-06-29 00:00:13,81.57439,8.28471
2020-06-29 00:30:14,81.57467,8.28445
2020-06-29 01:00:15,81.57487,8.28417
2020-06-29 01:30:16,81.57497,8.28478
2020-06-29 02:00:14,81.57503,8.28519
2020-06-29 02:30:15,81.57507,8.28572
2020-06-29 03:00:13,81.5751,8.28614
2020-06-29 03:30:14,81.5751,8.28671
2020-06-29 04:00:15,81.57515,8.28713
2020-06-29 04:30:13,81.5752,8.28664
2020-06-29 05:00:14,81.57513,8.28622
2020-06-29 05:30:15,81.57497,8.28485
2020-06-29 06:00:16,81.57483,8.28334
2020-06-29 06:30:14,81.57465,8.28167
2020-06-29 07:00:15,81.57455,8.27921
2020-06-29 07:30:13,81.57435,8.27642
2020-06-29 08:00:14,81.57412,8.27307
2020-06-29 08:30:15,81.57385,8.2698
2020-06-29 09:00:16,81.57356,8.26581
2020-06-29 09:30:14,81.57321,8.26119
2020-06-29 10:00:15,81.57278,8.25589
2020-06-29 10:30:13,81.5723,8.2501
2020-06-29 11:00:14,81.57169,8.24345
2020-06-29 11:30:15,81.571,8.23624
2020-06-29 12:00:16,81.5702,8.22823
2020-06-29 12:30:14,81.56927,8.22035
2020-06-29 13:00:15,81.56816,8.21268
2020-06-29 13:30:13,81.56686,8.20454
2020-06-29 14:00:14,81.56524,8.19564
2020-06-29 14:30:15,81.5634,8.18567
2020-06-29 15:00:16,81.56146,8.17459
2020-06-29 15:30:14,81.55955,8.16286
2020-06-29 16:00:15,81.55757,8.15052
2020-06-29 16:30:13,81.55566,8.13792
2020-06-29 17:00:14,81.55391,8.12505
2020-06-29 17:30:15,81.55233,8.11225
2020-06-29 18:00:16,81.55101,8.09898
2020-06-29 18:30:14,81.55003,8.08556
2020-06-29 19:00:15,81.54935,8.0728
2020-06-29 19:30:13,81.54906,8.06069
2020-06-29 20:00:14,81.54924,8.04937
2020-06-29 20:30:15,81.54976,8.03939
2020-06-29 21:00:16,81.55064,8.03073
2020-06-29 21:30:14,81.55188,8.02357
2020-06-29 22:00:15,81.55338,8.01794
2020-06-29 22:30:13,81.55513,8.01383
2020-06-29 23:00:14,81.55696,8.01129
2020-06-29 23:30:15,81.55882,8.01075
2020-06-30 00:00:13,81.56051,8.01185
2020-06-30 00:30:14,81.562,8.01411
2020-06-30 01:00:15,81.56321,8.01742
2020-06-30 01:30:16,81.56415,8.02122
2020-06-30 02:00:14,81.56483,8.02551
2020-06-30 02:30:15,81.56522,8.02995
2020-06-30 03:00:13,81.56522,8.03445
2020-06-30 03:30:14,81.56495,8.03799
2020-06-30 04:00:15,81.56444,8.04128
2020-06-30 04:30:16,81.56377,8.04384
2020-06-30 05:00:14,81.56294,8.04562
2020-06-30 05:30:15,81.5621,8.04673
2020-06-30 06:00:13,81.56124,8.04706
2020-06-30 06:30:14,81.56041,8.0469
2020-06-30 07:00:15,81.55962,8.04636
2020-06-30 07:30:16,81.55892,8.04611
2020-06-30 08:00:14,81.55839,8.04593
2020-06-30 08:30:15,81.55792,8.0457
2020-06-30 09:00:13,81.55757,8.0455
2020-06-30 09:30:14,81.55732,8.04486
2020-06-30 10:00:15,81.55684,8.04367
2020-06-30 10:30:16,81.55629,8.04364
2020-06-30 11:00:14,81.55563,8.04348
2020-06-30 11:30:15,81.55481,8.04301
2020-06-30 12:00:13,81.55386,8.04189
2020-06-30 12:30:14,81.55272,8.04015
2020-06-30 13:00:15,81.55138,8.03774
2020-06-30 13:30:16,81.54981,8.03465
2020-06-30 14:00:14,81.54805,8.03053
2020-06-30 14:30:15,81.54619,8.02551
2020-06-30 15:00:16,81.54424,8.01941
2020-06-30 15:30:14,81.54224,8.01236
2020-06-30 16:00:15,81.54021,8.00455
2020-06-30 16:30:13,81.53822,7.99624
2020-06-30 17:00:14,81.53629,7.98737
2020-06-30 17:30:15,81.53453,7.97804
2020-06-30 18:00:16,81.53305,7.96778
2020-06-30 18:30:14,81.53196,7.9571
2020-06-30 19:00:15,81.53135,7.94618
2020-06-30 19:30:13,81.53114,7.93579
2020-06-30 20:00:14,81.53144,7.92666
2020-06-30 20:30:15,81.53221,7.91881
2020-06-30 21:00:16,81.53339,7.91275
2020-06-30 21:30:14,81.53478,7.90905
2020-06-30 22:00:15,81.53633,7.90693
2020-06-30 22:30:16,81.53799,7.90685
2020-06-30 23:00:14,81.53967,7.90863
2020-06-30 23:30:15,81.54131,7.91156
2020-07-01 00:00:13,81.54282,7.91555
2020-07-01 00:30:14,81.54419,7.92082
2020-07-01 01:00:15,81.54535,7.92696
2020-07-01 01:30:16,81.54617,7.93364
2020-07-01 02:00:14,81.54671,7.94028
2020-07-01 02:30:15,81.54694,7.94677
2020-07-01 03:00:13,81.54684,7.95275
2020-07-01 03:30:14,81.54646,7.95764
2020-07-01 04:00:15,81.54591,7.96138
2020-07-01 04:30:16,81.5451,7.96429
2020-07-01 05:00:14,81.54411,7.96656
2020-07-01 05:30:15,81.54301,7.96775
2020-07-01 06:00:13,81.54186,7.96795
2020-07-01 06:30:14,81.54075,7.96709
2020-07-01 07:00:15,81.53981,7.96488
2020-07-01 07:30:16,81.539,7.96231
2020-07-01 08:00:14,81.53832,7.9597
2020-07-01 08:30:15,81.53773,7.95716
2020-07-01 09:00:13,81.53727,7.95485
2020-07-01 09:30:14,81.53695,7.9528
2020-07-01 10:00:15,81.53674,7.95087
2020-07-01 10:30:13,81.5366,7.94927
2020-07-01 11:00:14,81.53648,7.94779
2020-07-01 11:30:15,81.53636,7.94638
2020-07-01 12:00:16,81.53616,7.94515
2020-07-01 12:30:14,81.53585,7.9439
2020-07-01 13:00:15,81.53537,7.94256
2020-07-01 13:30:13,81.53472,7.9407
2020-07-01 14:00:14,81.53389,7.93795
2020-07-01 14:30:15,81.53284,7.93441
2020-07-01 15:00:16,81.53159,7.92974
2020-07-01 15:30:14,81.53025,7.92284
2020-07-01 16:00:15,81.52901,7.91426
2020-07-01 16:30:13,81.52782,7.90461
2020-07-01 17:00:14,81.52668,7.89409
2020-07-01 17:30:15,81.52568,7.88274
2020-07-01 18:00:13,81.52493,7.87093
2020-07-01 18:30:14,81.52444,7.85936
2020-07-01 19:00:15,81.52429,7.84833
2020-07-01 19:30:16,81.52451,7.83794
2020-07-01 20:00:14,81.52511,7.82862
2020-07-01 20:30:15,81.52595,7.82122
2020-07-01 21:00:13,81.52716,7.81451
2020-07-01 21:30:14,81.52875,7.80863
2020-07-01 22:00:15,81.53062,7.80517
2020-07-01 22:30:16,81.53237,7.80285
2020-07-01 23:00:14,81.53384,7.80175
2020-07-01 23:30:15,81.53504,7.80075
2020-07-02 00:00:13,81.53606,7.79947
2020-07-02 00:30:14,81.5369,7.79855
2020-07-02 01:00:15,81.53749,7.79769
2020-07-02 01:30:16,81.53785,7.79652
2020-07-02 02:00:14,81.53799,7.79496
2020-07-02 02:30:15,81.53785,7.79255
2020-07-02 03:00:13,81.53744,7.79071
2020-07-02 03:30:14,81.53652,7.7866
2020-07-02 04:00:15,81.53535,7.78054
2020-07-02 04:30:16,81.53378,7.77271
2020-07-02 05:00:14,81.53194,7.76356
2020-07-02 05:30:15,81.5298,7.75282
2020-07-02 06:00:13,81.52757,7.74072
2020-07-02 06:30:14,81.52531,7.72734
2020-07-02 07:00:15,81.52293,7.71304
2020-07-02 07:30:16,81.5204,7.69782
2020-07-02 08:00:14,81.51775,7.68159
2020-07-02 08:30:15,81.51509,7.66447
2020-07-02 09:00:13,81.51256,7.64689
2020-07-02 09:30:14,81.5102,7.62917
2020-07-02 10:00:15,81.50803,7.61173
2020-07-02 10:30:16,81.50607,7.59466
2020-07-02 11:00:14,81.50423,7.57825
2020-07-02 11:30:15,81.50246,7.56285
2020-07-02 12:00:13,81.50069,7.54777
2020-07-02 12:30:14,81.49904,7.53251
2020-07-02 13:00:15,81.49744,7.51764
2020-07-02 13:30:16,81.49584,7.50306
2020-07-02 14:00:14,81.49416,7.48826
2020-07-02 14:30:15,81.49231,7.47343
2020-07-02 15:00:13,81.4903,7.45832
2020-07-02 15:30:14,81.48814,7.44236
2020-07-02 16:00:15,81.48591,7.42539
2020-07-02 16:30:16,81.48363,7.4073
2020-07-02 17:00:14,81.4814,7.38822
2020-07-02 17:30:15,81.47929,7.3686
2020-07-02 18:00:13,81.4774,7.34844
2020-07-02 18:30:14,81.47575,7.32741
2020-07-02 19:00:15,81.47439,7.30583
2020-07-02 19:30:16,81.47346,7.28365
2020-07-02 20:00:14,81.47311,7.26158
2020-07-02 20:30:15,81.47325,7.24034
2020-07-02 21:00:13,81.474,7.22046
2020-07-02 21:30:14,81.47528,7.20247
2020-07-02 22:00:15,81.47705,7.18699
2020-07-02 22:30:16,81.47917,7.17382
2020-07-02 23:00:14,81.48148,7.16238
2020-07-02 23:30:15,81.48373,7.15253
2020-07-03 00:00:13,81.48588,7.14454
2020-07-03 00:30:14,81.48787,7.13809
2020-07-03 01:00:15,81.48951,7.13254
2020-07-03 01:30:16,81.49073,7.12696
2020-07-03 02:00:14,81.49149,7.12077
2020-07-03 02:30:15,81.49176,7.11401
2020-07-03 03:00:13,81.49172,7.10675
2020-07-03 03:30:14,81.49121,7.09884
2020-07-03 04:00:15,81.49024,7.09008
2020-07-03 04:30:16,81.4888,7.07989
2020-07-03 05:00:14,81.48689,7.06768
2020-07-03 05:30:15,81.4846,7.0527
2020-07-03 06:00:13,81.48203,7.03505
2020-07-03 06:30:14,81.47921,7.01467
2020-07-03 07:00:15,81.47632,6.99172
2020-07-03 07:30:16,81.47339,6.96633
2020-07-03 08:00:14,81.47045,6.93832
2020-07-03 08:30:15,81.46769,6.90763
2020-07-03 09:00:13,81.46532,6.87423
2020-07-03 09:30:14,81.46332,6.83867
2020-07-03 10:00:15,81.46182,6.80279
2020-07-03 10:30:16,81.46073,6.76696
2020-07-03 11:00:14,81.46024,6.73169
2020-07-03 11:30:15,81.46034,6.69701
2020-07-03 12:00:13,81.46082,6.66444
2020-07-03 12:30:14,81.46164,6.63415
2020-07-03 13:00:15,81.46292,6.60556
2020-07-03 13:30:16,81.46442,6.5789
2020-07-03 14:00:14,81.4661,6.55343
2020-07-03 14:30:15,81.46785,6.52989
2020-07-03 15:00:13,81.46943,6.50868
2020-07-03 15:30:14,81.47076,6.48931
2020-07-03 16:00:15,81.47168,6.4702
2020-07-03 16:30:13,81.47232,6.45118
2020-07-03 17:00:14,81.47273,6.43199
2020-07-03 17:30:15,81.47305,6.41203
2020-07-03 18:00:16,81.47334,6.39172
2020-07-03 18:30:14,81.47363,6.37095
2020-07-03 19:00:15,81.47401,6.35029
2020-07-03 19:30:13,81.47449,6.33003
2020-07-03 20:00:14,81.47509,6.30981
2020-07-03 20:30:15,81.4758,6.28991
2020-07-03 21:00:16,81.47668,6.27054
2020-07-03 21:30:14,81.47781,6.25068
2020-07-03 22:00:15,81.47932,6.23022
2020-07-03 22:30:13,81.4814,6.20968
2020-07-03 23:00:14,81.48402,6.19058
2020-07-03 23:30:15,81.48685,6.17434
2020-07-04 00:00:16,81.48994,6.16092
2020-07-04 00:30:14,81.49305,6.15035
2020-07-04 01:00:15,81.49625,6.14297
2020-07-04 01:30:13,81.49921,6.13664
2020-07-04 02:00:14,81.50182,6.13181
2020-07-04 02:30:15,81.50394,6.12797
2020-07-04 03:00:16,81.50558,6.12402
2020-07-04 03:30:14,81.50665,6.12156
2020-07-04 04:00:15,81.50701,6.11959
2020-07-04 04:30:13,81.50703,6.11705
2020-07-04 05:00:14,81.50661,6.11356
2020-07-04 05:30:15,81.50578,6.1081
2020-07-04 06:00:16,81.50456,6.10025
2020-07-04 06:30:14,81.50305,6.08971
2020-07-04 07:00:15,81.50143,6.07628
2020-07-04 07:30:13,81.49991,6.0597
2020-07-04 08:00:14,81.49844,6.04045
2020-07-04 08:30:15,81.49734,6.01929
2020-07-04 09:00:16,81.49654,5.99495
2020-07-04 09:30:14,81.49585,5.97006
2020-07-04 10:00:15,81.49549,5.94688
2020-07-04 10:30:13,81.49561,5.92659
2020-07-04 11:00:14,81.49613,5.90919
2020-07-04 11:30:15,81.497,5.89505
2020-07-04 12:00:16,81.49809,5.88357
2020-07-04 12:30:14,81.49925,5.87506
2020-07-04 13:00:15,81.50037,5.86875
2020-07-04 13:30:13,81.50139,5.86397
2020-07-04 14:00:14,81.50234,5.86016
2020-07-04 14:30:15,81.50311,5.85651
2020-07-04 15:00:16,81.50367,5.85229
2020-07-04 15:30:14,81.50414,5.84734
2020-07-04 16:00:15,81.50446,5.8412
2020-07-04 16:30:13,81.50469,5.83404
2020-07-04 17:00:14,81.50481,5.82602
2020-07-04 17:30:15,81.50478,5.81698
2020-07-04 18:00:16,81.50465,5.80724
2020-07-04 18:30:14,81.50451,5.79695
2020-07-04 19:00:15,81.50433,5.78642
2020-07-04 19:30:13,81.5042,5.77591
2020-07-04 20:00:14,81.50421,5.76592
2020-07-04 20:30:15,81.50448,5.7569
2020-07-04 21:00:16,81.50497,5.74906
2020-07-04 21:30:14,81.5058,5.7417
2020-07-04 22:00:15,81.50712,5.7345
2020-07-04 22:30:13,81.5086,5.72997
2020-07-04 23:00:14,81.51019,5.72798
2020-07-04 23:30:15,81.51183,5.72855
2020-07-05 00:00:16,81.51344,5.73148
2020-07-05 00:30:14,81.51492,5.73629
2020-07-05 01:00:15,81.51621,5.74199
2020-07-05 01:30:13,81.51724,5.74779
2020-07-05 02:00:14,81.51801,5.75361
2020-07-05 02:30:15,81.51848,5.75883
2020-07-05 03:00:16,81.51862,5.76301
2020-07-05 03:30:14,81.51837,5.76569
2020-07-05 04:00:15,81.51764,5.76584
2020-07-05 04:30:13,81.51639,5.76299
2020-07-05 05:00:14,81.51466,5.75655
2020-07-05 05:30:15,81.51257,5.74635
2020-07-05 06:00:16,81.51022,5.73278
2020-07-05 06:30:14,81.50777,5.71593
2020-07-05 07:00:15,81.50517,5.69609
2020-07-05 07:30:13,81.50252,5.67325
2020-07-05 08:00:14,81.49993,5.64838
2020-07-05 08:30:15,81.49752,5.62281
2020-07-05 09:00:16,81.49522,5.59705
2020-07-05 09:30:14,81.49316,5.5719
2020-07-05 10:00:15,81.49135,5.54802
2020-07-05 10:30:13,81.48948,5.52497
2020-07-05 11:00:14,81.48752,5.5025
2020-07-05 11:30:15,81.48541,5.48022
2020-07-05 12:00:16,81.48327,5.4581
2020-07-05 12:30:14,81.48117,5.43663
2020-07-05 13:00:15,81.47919,5.41597
2020-07-05 13:30:13,81.47735,5.39547
2020-07-05 14:00:14,81.47571,5.37358
2020-07-05 14:30:15,81.47425,5.35124
2020-07-05 15:00:16,81.473,5.32893
2020-07-05 15:30:14,81.47186,5.30628
2020-07-05 16:00:15,81.47075,5.28274
2020-07-05 16:30:13,81.46968,5.25847
2020-07-05 17:00:14,81.46867,5.23299
2020-07-05 17:30:15,81.46774,5.20649
2020-07-05 18:00:16,81.46688,5.17953
2020-07-05 18:30:14,81.46609,5.15231
2020-07-05 19:00:15,81.46553,5.12509
2020-07-05 19:30:13,81.46524,5.09825
2020-07-05 20:00:14,81.46526,5.0718
2020-07-05 20:30:15,81.46551,5.04572
2020-07-05 21:00:16,81.46605,5.02079
2020-07-05 21:30:14,81.46709,4.99662
2020-07-05 22:00:15,81.46848,4.97465
2020-07-05 22:30:13,81.47021,4.95502
2020-07-05 23:00:14,81.47253,4.93805
2020-07-05 23:30:15,81.47478,4.92444
2020-07-06 00:00:16,81.47701,4.91445
2020-07-06 00:30:14,81.47933,4.90726
2020-07-06 01:00:15,81.48154,4.90193
2020-07-06 01:30:13,81.48354,4.89811
2020-07-06 02:00:14,81.4854,4.89554
2020-07-06 02:30:15,81.48708,4.89462
2020-07-06 03:00:16,81.48846,4.89437
2020-07-06 03:30:14,81.48943,4.89329
2020-07-06 04:00:15,81.48988,4.89081
2020-07-06 04:30:13,81.48994,4.88693
2020-07-06 05:00:14,81.48969,4.88222
2020-07-06 05:30:15,81.48907,4.87594
2020-07-06 06:00:16,81.48808,4.86765
2020-07-06 06:30:14,81.48676,4.85727
2020-07-06 07:00:15,81.48516,4.84512
2020-07-06 07:30:13,81.48322,4.83089
2020-07-06 08:00:14,81.48104,4.81389
2020-07-06 08:30:15,81.47871,4.79451
2020-07-06 09:00:16,81.47632,4.77344
2020-07-06 09:30:14,81.47395,4.75085
2020-07-06 10:00:15,81.47164,4.72728
2020-07-06 10:30:13,81.46941,4.70305
2020-07-06 11:00:14,81.46724,4.67789
2020-07-06 11:30:15,81.46517,4.6516
2020-07-06 12:00:16,81.46332,4.62505
2020-07-06 12:30:14,81.46175,4.59876
2020-07-06 13:00:15,81.4604,4.5729
2020-07-06 13:30:13,81.45934,4.54765
2020-07-06 14:00:14,81.45853,4.52339
2020-07-06 14:30:15,81.45795,4.50041
2020-07-06 15:00:16,81.45752,4.47861
2020-07-06 15:30:14,81.45711,4.45768
2020-07-06 16:00:15,81.4567,4.4376
2020-07-06 16:30:13,81.45615,4.41748
2020-07-06 17:00:14,81.45545,4.39671
2020-07-06 17:30:15,81.45463,4.37527
2020-07-06 18:00:16,81.45369,4.35265
2020-07-06 18:30:14,81.45274,4.32892
2020-07-06 19:00:15,81.45178,4.30431
2020-07-06 19:30:13,81.45088,4.27927
2020-07-06 20:00:14,81.45004,4.25416
2020-07-06 20:30:15,81.44939,4.22904
2020-07-06 21:00:16,81.44887,4.20363
2020-07-06 21:30:14,81.44839,4.17868
2020-07-06 22:00:15,81.44792,4.15472
2020-07-06 22:30:13,81.44766,4.13182
2020-07-06 23:00:14,81.44784,4.11085
2020-07-06 23:30:15,81.4483,4.09085
2020-07-07 00:00:16,81.4492,4.07353
2020-07-07 00:30:14,81.45042,4.0586
2020-07-07 01:00:15,81.45167,4.0449
2020-07-07 01:30:13,81.45283,4.03235
2020-07-07 02:00:14,81.45406,4.02161
2020-07-07 02:30:15,81.45532,4.01293
2020-07-07 03:00:16,81.45636,4.00727
2020-07-07 03:30:14,81.45721,4.00335
2020-07-07 04:00:15,81.45782,4.00075
2020-07-07 04:30:13,81.45812,3.99883
2020-07-07 05:00:14,81.45805,3.99685
2020-07-07 05:30:15,81.45745,3.99385
2020-07-07 06:00:16,81.45628,3.98863
2020-07-07 06:30:14,81.45467,3.98209
2020-07-07 07:00:15,81.45253,3.97276
2020-07-07 07:30:13,81.44997,3.96037
2020-07-07 08:00:14,81.44708,3.94576
2020-07-07 08:30:15,81.44391,3.92794
2020-07-07 09:00:16,81.44054,3.90744
2020-07-07 09:30:14,81.43688,3.88437
2020-07-07 10:00:15,81.43312,3.85878
2020-07-07 10:30:13,81.42937,3.83111
2020-07-07 11:00:14,81.42572,3.80104
2020-07-07 11:30:15,81.42221,3.76927
2020-07-07 12:00:16,81.41916,3.73697
2020-07-07 12:30:14,81.4165,3.7045
2020-07-07 13:00:15,81.41429,3.67097
2020-07-07 13:30:13,81.41238,3.63614
2020-07-07 14:00:14,81.41071,3.60176
2020-07-07 14:30:15,81.40919,3.56982
2020-07-07 15:00:16,81.408,3.53984
2020-07-07 15:30:14,81.40694,3.51073
2020-07-07 16:00:15,81.40605,3.48157
2020-07-07 16:30:13,81.40503,3.45402
2020-07-07 17:00:14,81.40404,3.42722
2020-07-07 17:30:15,81.40305,3.3997
2020-07-07 18:00:16,81.40204,3.37065
2020-07-07 18:30:14,81.40077,3.34128
2020-07-07 19:00:15,81.39922,3.31102
2020-07-07 19:30:13,81.3972,3.28155
2020-07-07 20:00:14,81.39507,3.2517
2020-07-07 20:30:15,81.39319,3.22091
2020-07-07 21:00:16,81.39165,3.18755
2020-07-07 21:30:14,81.3898,3.15516
2020-07-07 22:00:15,81.38799,3.12563
2020-07-07 22:30:13,81.38664,3.09342
2020-07-07 23:00:14,81.38563,3.06122
2020-07-07 23:30:15,81.385,3.03056
2020-07-08 00:00:16,81.38474,3.00301
2020-07-08 00:30:14,81.38486,2.97698
2020-07-08 01:00:15,81.38541,2.95247
2020-07-08 01:30:13,81.38631,2.93082
2020-07-08 02:00:14,81.3874,2.91126
2020-07-08 02:30:15,81.38873,2.89379
2020-07-08 03:00:16,81.38982,2.87874
2020-07-08 03:30:14,81.39055,2.86482
2020-07-08 04:00:15,81.39101,2.85261
2020-07-08 04:30:13,81.39125,2.84036
2020-07-08 05:00:14,81.39114,2.82764
2020-07-08 05:30:15,81.39069,2.81488
2020-07-08 06:00:16,81.38996,2.80208
2020-07-08 06:30:14,81.38895,2.78808
2020-07-08 07:00:15,81.38759,2.7724
2020-07-08 07:30:13,81.3859,2.75591
2020-07-08 08:00:14,81.3839,2.73828
2020-07-08 08:30:15,81.38153,2.71942
2020-07-08 09:00:16,81.37887,2.69748
2020-07-08 09:30:14,81.37601,2.67253
2020-07-08 10:00:15,81.37297,2.64489
2020-07-08 10:30:13,81.36993,2.61624
2020-07-08 11:00:14,81.36692,2.58629
2020-07-08 11:30:15,81.36414,2.55571
2020-07-08 12:00:16,81.36159,2.52473
2020-07-08 12:30:14,81.35933,2.49383
2020-07-08 13:00:15,81.35725,2.46384
2020-07-08 13:30:13,81.35529,2.4357
2020-07-08 14:00:14,81.35358,2.40781
2020-07-08 14:30:15,81.35219,2.38042
2020-07-08 15:00:16,81.35109,2.35379
2020-07-08 15:30:14,81.35003,2.32854
2020-07-08 16:00:15,81.34908,2.30517
2020-07-08 16:30:13,81.34795,2.28531
2020-07-08 17:00:14,81.34692,2.26513
2020-07-08 17:30:15,81.34579,2.24381
2020-07-08 18:00:16,81.34454,2.22344
2020-07-08 18:30:14,81.34317,2.2036
2020-07-08 19:00:15,81.3416,2.18373
2020-07-08 19:30:13,81.33981,2.16243
2020-07-08 20:00:14,81.33788,2.13986
2020-07-08 20:30:15,81.33566,2.11852
2020-07-08 21:00:16,81.33339,2.09724
2020-07-08 21:30:14,81.33111,2.07555
2020-07-08 22:00:15,81.32888,2.05332
2020-07-08 22:30:13,81.32674,2.03182
2020-07-08 23:00:14,81.32469,2.01116
2020-07-08 23:30:15,81.32284,1.9924
2020-07-09 00:00:16,81.32127,1.97488
2020-07-09 00:30:14,81.32,1.95908
2020-07-09 01:00:15,81.31913,1.94512
2020-07-09 01:30:13,81.31843,1.93486
2020-07-09 02:00:14,81.31802,1.92797
2020-07-09 02:30:15,81.31775,1.92457
2020-07-09 03:00:16,81.31765,1.9237
2020-07-09 03:30:14,81.31767,1.92444
2020-07-09 04:00:15,81.31776,1.92629
2020-07-09 04:30:13,81.31786,1.9288
2020-07-09 05:00:14,81.31795,1.9316
2020-07-09 05:30:15,81.31795,1.93451
2020-07-09 06:00:16,81.31784,1.93748
2020-07-09 06:30:14,81.31756,1.94043
2020-07-09 07:00:15,81.31702,1.94299
2020-07-09 07:30:13,81.31627,1.94439
2020-07-09 08:00:14,81.31529,1.94455
2020-07-09 08:30:15,81.31415,1.94412
2020-07-09 09:00:16,81.31283,1.94307
2020-07-09 09:30:14,81.31137,1.94096
2020-07-09 10:00:15,81.30976,1.93793
2020-07-09 10:30:16,81.30807,1.93406
2020-07-09 11:00:14,81.3063,1.92952
2020-07-09 11:30:15,81.30457,1.92419
2020-07-09 12:00:13,81.30288,1.91814
2020-07-09 12:30:14,81.30124,1.91194
2020-07-09 13:00:15,81.29965,1.90587
2020-07-09 13:30:16,81.2982,1.90036
2020-07-09 14:00:14,81.29681,1.89581
2020-07-09 14:30:15,81.29544,1.89219
2020-07-09 15:00:13,81.29403,1.88934
2020-07-09 15:30:14,81.29263,1.88748
2020-07-09 16:00:15,81.2912,1.88508
2020-07-09 16:30:13,81.28973,1.88304
2020-07-09 17:00:14,81.28833,1.8798
2020-07-09 17:30:15,81.28713,1.87438
2020-07-09 18:00:13,81.28601,1.86829
2020-07-09 18:30:14,81.28492,1.86027
2020-07-09 19:00:15,81.28394,1.8516
2020-07-09 19:30:13,81.2831,1.84153
2020-07-09 20:00:14,81.28226,1.83035
2020-07-09 20:30:15,81.28146,1.81861
2020-07-09 21:00:16,81.28066,1.80613
2020-07-09 21:30:14,81.27982,1.79315
2020-07-09 22:00:15,81.279,1.78046
2020-07-09 22:30:16,81.2782,1.76802
2020-07-09 23:00:14,81.27755,1.7559
2020-07-09 23:30:15,81.27704,1.7441
2020-07-10 00:00:13,81.2767,1.73368
2020-07-10 00:30:14,81.27652,1.72456
2020-07-10 01:00:15,81.27656,1.71749
2020-07-10 01:30:16,81.27679,1.71259
2020-07-10 02:00:14,81.27712,1.7101
2020-07-10 02:30:15,81.2776,1.71002
2020-07-10 03:00:13,81.27811,1.71201
2020-07-10 03:30:14,81.27856,1.71594
2020-07-10 04:00:15,81.27896,1.72128
2020-07-10 04:30:16,81.27923,1.72742
2020-07-10 05:00:14,81.27934,1.73393
2020-07-10 05:30:15,81.27927,1.74043
2020-07-10 06:00:13,81.279,1.74654
2020-07-10 06:30:14,81.27856,1.75219
2020-07-10 07:00:15,81.27792,1.75702
2020-07-10 07:30:16,81.27705,1.76085
2020-07-10 08:00:14,81.276,1.76366
2020-07-10 08:30:15,81.27477,1.76559
2020-07-10 09:00:13,81.27327,1.76627
2020-07-10 09:30:14,81.27148,1.76559
2020-07-10 10:00:15,81.26951,1.76339
2020-07-10 10:30:16,81.26743,1.75986
2020-07-10 11:00:14,81.26524,1.75507
2020-07-10 11:30:15,81.263,1.74885
2020-07-10 12:00:13,81.26072,1.74105
2020-07-10 12:30:14,81.25845,1.73181
2020-07-10 13:00:15,81.25615,1.72096
2020-07-10 13:30:16,81.25381,1.70854
2020-07-10 14:00:14,81.25145,1.69446
2020-07-10 14:30:15,81.24928,1.67879
2020-07-10 15:00:13,81.24743,1.66228
2020-07-10 15:30:14,81.24574,1.64497
2020-07-10 16:00:15,81.24442,1.62901
2020-07-10 16:30:16,81.24301,1.61167
2020-07-10 17:00:14,81.24173,1.59418
2020-07-10 17:30:15,81.24052,1.57626
2020-07-10 18:00:13,81.23936,1.55695
2020-07-10 18:30:14,81.2383,1.5375
2020-07-10 19:00:15,81.23734,1.51944
2020-07-10 19:30:16,81.23629,1.50056
2020-07-10 20:00:14,81.23508,1.47888
2020-07-10 20:30:15,81.23386,1.45631
2020-07-10 21:00:13,81.23272,1.43424
2020-07-10 21:30:14,81.23148,1.41184
2020-07-10 22:00:15,81.23028,1.38891
2020-07-10 22:30:16,81.22912,1.36645
2020-07-10 23:00:14,81.22784,1.3439
2020-07-10 23:30:15,81.22668,1.32321
2020-07-11 00:00:13,81.22564,1.30406
2020-07-11 00:30:14,81.2246,1.28553
2020-07-11 01:00:15,81.22353,1.2679
2020-07-11 01:30:16,81.22234,1.2514
2020-07-11 02:00:14,81.2212,1.23542
2020-07-11 02:30:15,81.22015,1.22012
2020-07-11 03:00:13,81.21908,1.20624
2020-07-11 03:30:14,81.21812,1.19427
2020-07-11 04:00:15,81.21716,1.18416
2020-07-11 04:30:16,81.21617,1.1756
2020-07-11 05:00:14,81.2151,1.16774
2020-07-11 05:30:15,81.21389,1.15984
2020-07-11 06:00:13,81.21253,1.15132
2020-07-11 06:30:14,81.21101,1.14201
2020-07-11 07:00:15,81.20939,1.13142
2020-07-11 07:30:16,81.20761,1.1193
2020-07-11 08:00:14,81.2057,1.10578
2020-07-11 08:30:15,81.2037,1.09109
2020-07-11 09:00:13,81.20165,1.07479
2020-07-11 09:30:14,81.19957,1.05684
2020-07-11 10:00:15,81.19759,1.03708
2020-07-11 10:30:16,81.19582,1.01592
2020-07-11 11:00:14,81.19437,0.99341
2020-07-11 11:30:15,81.19324,0.97013
2020-07-11 12:00:13,81.19228,0.94637
2020-07-11 12:30:14,81.19144,0.92214
2020-07-11 13:00:15,81.19067,0.8971
2020-07-11 13:30:16,81.18997,0.86841
2020-07-11 14:00:14,81.18969,0.84005
2020-07-11 14:30:15,81.19009,0.80995
2020-07-11 15:00:13,81.1907,0.77954
2020-07-11 15:30:14,81.19149,0.74871
2020-07-11 16:00:15,81.19238,0.71869
2020-07-11 16:30:13,81.19334,0.69041
2020-07-11 17:00:14,81.19425,0.66413
2020-07-11 17:30:15,81.19485,0.63996
2020-07-11 18:00:13,81.19529,0.61786
2020-07-11 18:30:14,81.19566,0.59674
2020-07-11 19:00:15,81.19584,0.57614
2020-07-11 19:30:16,81.19534,0.55697
2020-07-11 20:00:14,81.19472,0.53703
2020-07-11 20:30:15,81.19402,0.51383
2020-07-11 21:00:13,81.19291,0.48746
2020-07-11 21:30:14,81.19145,0.45792
2020-07-11 22:00:15,81.1898,0.42707
2020-07-11 22:30:16,81.18796,0.39102
2020-07-11 23:00:14,81.18608,0.35842
2020-07-11 23:30:15,81.18443,0.322
2020-07-12 00:00:13,81.18316,0.28479
2020-07-12 00:30:14,81.18223,0.25065
2020-07-12 01:00:15,81.1818,0.21768
2020-07-12 01:30:16,81.18193,0.18758
2020-07-12 02:00:14,81.1825,0.16162
2020-07-12 02:30:15,81.18335,0.13967
2020-07-12 03:00:13,81.18443,0.12229
2020-07-12 03:30:14,81.1856,0.10945
2020-07-12 04:00:15,81.18674,0.10095
2020-07-12 04:30:16,81.18774,0.09613
2020-07-12 05:00:14,81.18855,0.09425
2020-07-12 05:30:15,81.18906,0.09422
2020-07-12 06:00:13,81.18929,0.09517
2020-07-12 06:30:14,81.18917,0.09604
2020-07-12 07:00:15,81.18871,0.09628
2020-07-12 07:30:16,81.18793,0.09562
2020-07-12 08:00:14,81.18688,0.09343
2020-07-12 08:30:15,81.18562,0.08911
2020-07-12 09:00:13,81.18424,0.08255
2020-07-12 09:30:14,81.18282,0.07386
2020-07-12 10:00:15,81.18143,0.06306
2020-07-12 10:30:13,81.18008,0.05072
2020-07-12 11:00:14,81.17891,0.03721
2020-07-12 11:30:15,81.17793,0.02226
2020-07-12 12:00:13,81.17724,0.00654
2020-07-12 12:30:14,81.17677,-0.00879
2020-07-12 13:00:15,81.17638,-0.02275
2020-07-12 13:30:16,81.17616,-0.03537
2020-07-12 14:00:14,81.17603,-0.04689
2020-07-12 14:30:15,81.17595,-0.0566
2020-07-12 15:00:13,81.1759,-0.06439
2020-07-12 15:30:14,81.17587,-0.07082
2020-07-12 16:00:15,81.17588,-0.07641
2020-07-12 16:30:16,81.17584,-0.08072
2020-07-12 17:00:14,81.17568,-0.08434
2020-07-12 17:30:15,81.17537,-0.08775
2020-07-12 18:00:13,81.17487,-0.08998
2020-07-12 18:30:14,81.17417,-0.09453
2020-07-12 19:00:15,81.17324,-0.09923
2020-07-12 19:30:16,81.17221,-0.10689
2020-07-12 20:00:14,81.17105,-0.11587
2020-07-12 20:30:15,81.16977,-0.12561
2020-07-12 21:00:13,81.16843,-0.13616
2020-07-12 21:30:14,81.16712,-0.14768
2020-07-12 22:00:15,81.1657,-0.15967
2020-07-12 22:30:16,81.16405,-0.17129
2020-07-12 23:00:14,81.16215,-0.18383
2020-07-12 23:30:15,81.16035,-0.1966
2020-07-13 00:00:13,81.1584,-0.20892
2020-07-13 00:30:14,81.15678,-0.21853
2020-07-13 01:00:15,81.15524,-0.22793
2020-07-13 01:30:16,81.15377,-0.23537
2020-07-13 02:00:14,81.1526,-0.23889
2020-07-13 02:30:15,81.15166,-0.2414
2020-07-13 03:00:13,81.15099,-0.24131
2020-07-13 03:30:14,81.15034,-0.23842
2020-07-13 04:00:15,81.14965,-0.23314
2020-07-13 04:30:16,81.1489,-0.22648
2020-07-13 05:00:14,81.1479,-0.21808
2020-07-13 05:30:15,81.14669,-0.2075
2020-07-13 06:00:13,81.14537,-0.19684
2020-07-13 06:30:14,81.14385,-0.18588
2020-07-13 07:00:15,81.14205,-0.17447
2020-07-13 07:30:16,81.14,-0.16388
2020-07-13 08:00:14,81.1377,-0.15572
2020-07-13 08:30:15,81.13525,-0.1499
2020-07-13 09:00:13,81.13258,-0.14597
2020-07-13 09:30:14,81.12983,-0.14495
2020-07-13 10:00:15,81.12701,-0.14516
2020-07-13 10:30:16,81.12418,-0.1465
2020-07-13 11:00:14,81.12135,-0.14922
2020-07-13 11:30:15,81.11871,-0.15261
2020-07-13 12:00:13,81.11637,-0.15681
2020-07-13 12:30:14,81.11433,-0.16177
2020-07-13 13:00:15,81.11259,-0.16793
2020-07-13 13:30:16,81.11123,-0.17443
2020-07-13 14:00:14,81.11024,-0.17948
2020-07-13 14:30:15,81.10947,-0.18276
2020-07-13 15:00:13,81.10905,-0.18455
2020-07-13 15:30:14,81.1087,-0.18445
2020-07-13 16:00:15,81.10868,-0.18328
2020-07-13 16:30:16,81.10872,-0.18156
2020-07-13 17:00:14,81.10849,-0.17921
2020-07-13 17:30:15,81.10793,-0.17671
2020-07-13 18:00:13,81.10709,-0.17393
2020-07-13 18:30:14,81.10596,-0.17234
2020-07-13 19:00:15,81.10452,-0.1718
2020-07-13 19:30:16,81.10278,-0.17255
2020-07-13 20:00:14,81.10076,-0.17458
2020-07-13 20:30:15,81.09852,-0.17718
2020-07-13 21:00:13,81.09602,-0.18088
2020-07-13 21:30:14,81.09333,-0.18513
2020-07-13 22:00:15,81.09053,-0.19002
2020-07-13 22:30:16,81.08771,-0.19552
2020-07-13 23:00:14,81.08498,-0.20126
2020-07-13 23:30:15,81.08243,-0.20788
2020-07-14 00:00:13,81.08029,-0.21481
2020-07-14 00:30:14,81.07852,-0.2205
2020-07-14 01:00:15,81.07701,-0.22478
2020-07-14 01:30:16,81.07568,-0.2272
2020-07-14 02:00:14,81.07449,-0.22757
2020-07-14 02:30:15,81.0734,-0.22579
2020-07-14 03:00:13,81.07227,-0.22141
2020-07-14 03:30:14,81.07098,-0.21444
2020-07-14 04:00:15,81.0696,-0.20504
2020-07-14 04:30:16,81.06802,-0.19347
2020-07-14 05:00:14,81.06624,-0.18115
2020-07-14 05:30:15,81.06437,-0.16903
2020-07-14 06:00:13,81.06228,-0.15704
2020-07-14 06:30:14,81.05988,-0.14528
2020-07-14 07:00:15,81.05728,-0.13452
2020-07-14 07:30:16,81.05447,-0.12469
2020-07-14 08:00:14,81.05152,-0.11689
2020-07-14 08:30:15,81.04844,-0.1105
2020-07-14 09:00:13,81.04533,-0.10572
2020-07-14 09:30:14,81.04227,-0.10196
2020-07-14 10:00:15,81.03934,-0.099
2020-07-14 10:30:16,81.03645,-0.09882
2020-07-14 11:00:14,81.03357,-0.10017
2020-07-14 11:30:15,81.03069,-0.10239
2020-07-14 12:00:13,81.02796,-0.10593
2020-07-14 12:30:14,81.02532,-0.10994
2020-07-14 13:00:15,81.02285,-0.11399
2020-07-14 13:30:16,81.02056,-0.11835
2020-07-14 14:00:14,81.01857,-0.12172
2020-07-14 14:30:15,81.01677,-0.12294
2020-07-14 15:00:13,81.01501,-0.12177
2020-07-14 15:30:14,81.01331,-0.11817
2020-07-14 16:00:15,81.01148,-0.11263
2020-07-14 16:30:16,81.00945,-0.10594
2020-07-14 17:00:14,81.00726,-0.09842
2020-07-14 17:30:15,81.00491,-0.08999
2020-07-14 18:00:13,81.00239,-0.08199
2020-07-14 18:30:14,80.99966,-0.0762
2020-07-14 19:00:15,80.99688,-0.07099
2020-07-14 19:30:16,80.9941,-0.06573
2020-07-14 20:00:14,80.99133,-0.06262
2020-07-14 20:30:15,80.9886,-0.06017
2020-07-14 21:00:13,80.98581,-0.05973
2020-07-14 21:30:14,80.98312,-0.06001
2020-07-14 22:00:15,80.98045,-0.0607
2020-07-14 22:30:16,80.9778,-0.06173
2020-07-14 23:00:14,80.97517,-0.06224
2020-07-14 23:30:15,80.97259,-0.06238
2020-07-15 00:00:13,80.97005,-0.06226
2020-07-15 00:30:14,80.96756,-0.0616
2020-07-15 01:00:15,80.96515,-0.06142
2020-07-15 01:30:16,80.96278,-0.06038
2020-07-15 02:00:14,80.96037,-0.05843
2020-07-15 02:30:15,80.95813,-0.05385
2020-07-15 03:00:13,80.95588,-0.04799
2020-07-15 03:30:14,80.95345,-0.04101
2020-07-15 04:00:15,80.95088,-0.03282
2020-07-15 04:30:16,80.94803,-0.0245
2020-07-15 05:00:14,80.945,-0.01448
2020-07-15 05:30:15,80.9417,-0.00405
2020-07-15 06:00:13,80.93847,0.00358
2020-07-15 06:30:14,80.93512,0.01116
2020-07-15 07:00:15,80.93187,0.01788
2020-07-15 07:30:16,80.92864,0.02376
2020-07-15 08:00:14,80.92548,0.02877
2020-07-15 08:30:15,80.9224,0.0327
2020-07-15 09:00:13,80.91944,0.03535
2020-07-15 09:30:14,80.91657,0.03723
2020-07-15 10:00:15,80.91386,0.03873
2020-07-15 10:30:16,80.91126,0.03987
2020-07-15 11:00:14,80.90876,0.0403
2020-07-15 11:30:15,80.90632,0.0398
2020-07-15 12:00:13,80.90389,0.03829
2020-07-15 12:30:14,80.90156,0.03594
2020-07-15 13:00:15,80.89928,0.03314
2020-07-15 13:30:16,80.89708,0.03
2020-07-15 14:00:14,80.89497,0.02662
2020-07-15 14:30:15,80.89294,0.02355
2020-07-15 15:00:13,80.89089,0.0207
2020-07-15 15:30:14,80.88886,0.01801
2020-07-15 16:00:15,80.88681,0.01648
2020-07-15 16:30:16,80.88467,0.01612
2020-07-15 17:00:14,80.8824,0.01687
2020-07-15 17:30:15,80.87994,0.01794
2020-07-15 18:00:13,80.87734,0.01973
2020-07-15 18:30:14,80.87464,0.02165
2020-07-15 19:00:15,80.8718,0.02265
2020-07-15 19:30:16,80.86892,0.02348
2020-07-15 20:00:14,80.86597,0.02266
2020-07-15 20:30:15,80.86311,0.0206
2020-07-15 21:00:13,80.86037,0.01803
2020-07-15 21:30:14,80.85777,0.01474
2020-07-15 22:00:15,80.85533,0.01118
2020-07-15 22:30:16,80.85305,0.00762
2020-07-15 23:00:14,80.85089,0.00402
2020-07-15 23:30:15,80.8488,0.00019
2020-07-16 00:00:13,80.8468,-0.00417
2020-07-16 00:30:14,80.84483,-0.00888
2020-07-16 01:00:15,80.84293,-0.0135
2020-07-16 01:30:16,80.84106,-0.01843
2020-07-16 02:00:14,80.83913,-0.02309
2020-07-16 02:30:15,80.83725,-0.0262
2020-07-16 03:00:13,80.83533,-0.02844
2020-07-16 03:30:14,80.83328,-0.03075
2020-07-16 04:00:15,80.83116,-0.03147
2020-07-16 04:30:16,80.82881,-0.03156
2020-07-16 05:00:14,80.82628,-0.03073
2020-07-16 05:30:15,80.82353,-0.02937
2020-07-16 06:00:13,80.82061,-0.02732
2020-07-16 06:30:14,80.8175,-0.02477
2020-07-16 07:00:15,80.81425,-0.0223
2020-07-16 07:30:16,80.81089,-0.0204
2020-07-16 08:00:14,80.8075,-0.01938
2020-07-16 08:30:15,80.80412,-0.0192
2020-07-16 09:00:13,80.80074,-0.01968
2020-07-16 09:30:14,80.79746,-0.02105
2020-07-16 10:00:15,80.79421,-0.02361
2020-07-16 10:30:16,80.79107,-0.0273
2020-07-16 11:00:14,80.78804,-0.03151
2020-07-16 11:30:15,80.78513,-0.03625
2020-07-16 12:00:13,80.78237,-0.04157
2020-07-16 12:30:14,80.77975,-0.04716
2020-07-16 13:00:15,80.77727,-0.05248
2020-07-16 13:30:16,80.77493,-0.05734
2020-07-16 14:00:14,80.77265,-0.0613
2020-07-16 14:30:15,80.77037,-0.06387
2020-07-16 15:00:13,80.76808,-0.06503
2020-07-16 15:30:14,80.76566,-0.06475
2020-07-16 16:00:15,80.763,-0.06305
2020-07-16 16:30:16,80.76022,-0.06028
2020-07-16 17:00:14,80.75726,-0.05725
2020-07-16 17:30:15,80.75419,-0.05412
2020-07-16 18:00:13,80.75098,-0.05075
2020-07-16 18:30:14,80.74763,-0.04747
2020-07-16 19:00:15,80.74413,-0.04454
2020-07-16 19:30:16,80.74052,-0.0423
2020-07-16 20:00:14,80.73693,-0.04072
2020-07-16 20:30:15,80.73338,-0.04002
2020-07-16 21:00:13,80.72993,-0.04027
2020-07-16 21:30:14,80.72662,-0.04111
2020-07-16 22:00:15,80.72341,-0.04252
2020-07-16 22:30:16,80.72044,-0.04423
2020-07-16 23:00:14,80.7177,-0.04619
2020-07-16 23:30:15,80.7151,-0.04817
2020-07-17 00:00:13,80.71269,-0.05012
2020-07-17 00:30:14,80.7104,-0.05201
2020-07-17 01:00:15,80.70818,-0.05366
2020-07-17 01:30:16,80.70605,-0.05454
2020-07-17 02:00:14,80.70399,-0.05486
2020-07-17 02:30:15,80.7019,-0.05466
2020-07-17 03:00:13,80.69976,-0.05351
2020-07-17 03:30:14,80.69759,-0.05232
2020-07-17 04:00:15,80.69525,-0.05164
2020-07-17 04:30:16,80.69291,-0.05059
2020-07-17 05:00:14,80.69038,-0.0481
2020-07-17 05:30:15,80.68778,-0.04516
2020-07-17 06:00:13,80.68512,-0.04233
2020-07-17 06:30:14,80.68236,-0.03895
2020-07-17 07:00:15,80.6795,-0.03542
2020-07-17 07:30:16,80.67649,-0.03246
2020-07-17 08:00:14,80.67353,-0.03012
2020-07-17 08:30:15,80.67041,-0.02825
2020-07-17 09:00:13,80.66728,-0.02709
2020-07-17 09:30:14,80.66409,-0.02696
2020-07-17 10:00:15,80.66101,-0.02759
2020-07-17 10:30:16,80.65807,-0.02942
2020-07-17 11:00:14,80.6553,-0.03212
2020-07-17 11:30:15,80.65268,-0.03538
2020-07-17 12:00:13,80.6502,-0.03888
2020-07-17 12:30:14,80.64787,-0.04247
2020-07-17 13:00:15,80.64571,-0.04607
2020-07-17 13:30:16,80.6436,-0.04953
2020-07-17 14:00:14,80.6415,-0.05252
2020-07-17 14:30:15,80.63941,-0.05528
2020-07-17 15:00:13,80.63732,-0.05721
2020-07-17 15:30:14,80.63515,-0.05825
2020-07-17 16:00:15,80.63294,-0.05828
2020-07-17 16:30:16,80.63076,-0.05752
2020-07-17 17:00:14,80.62844,-0.05564
2020-07-17 17:30:15,80.62602,-0.05329
2020-07-17 18:00:13,80.62354,-0.04995
2020-07-17 18:30:14,80.62085,-0.04595
2020-07-17 19:00:15,80.61799,-0.0421
2020-07-17 19:30:16,80.61508,-0.03875
2020-07-17 20:00:14,80.61217,-0.03574
2020-07-17 20:30:15,80.60938,-0.0334
2020-07-17 21:00:13,80.60667,-0.03154
2020-07-17 21:30:14,80.60415,-0.03049
2020-07-17 22:00:15,80.60183,-0.03007
2020-07-17 22:30:16,80.59975,-0.03012
2020-07-17 23:00:14,80.59795,-0.0309
2020-07-17 23:30:15,80.59618,-0.03154
2020-07-18 00:00:13,80.59445,-0.03265
2020-07-18 00:30:14,80.59297,-0.03472
2020-07-18 01:00:15,80.59174,-0.03779
2020-07-18 01:30:16,80.59069,-0.04132
2020-07-18 02:00:14,80.58983,-0.04514
2020-07-18 02:30:15,80.58899,-0.04874
2020-07-18 03:00:13,80.5881,-0.05234
2020-07-18 03:30:14,80.5872,-0.05608
2020-07-18 04:00:15,80.58624,-0.05972
2020-07-18 04:30:16,80.58514,-0.06339
2020-07-18 05:00:14,80.58395,-0.06655
2020-07-18 05:30:15,80.58264,-0.06913
2020-07-18 06:00:13,80.58118,-0.07143
2020-07-18 06:30:14,80.57954,-0.0733
2020-07-18 07:00:15,80.57767,-0.07543
2020-07-18 07:30:16,80.57556,-0.07798
2020-07-18 08:00:14,80.57355,-0.08082
2020-07-18 08:30:15,80.57153,-0.08365
2020-07-18 09:00:13,80.56959,-0.08487
2020-07-18 09:30:14,80.56765,-0.0858
2020-07-18 10:00:15,80.56565,-0.08671
2020-07-18 10:30:16,80.56358,-0.08817
2020-07-18 11:00:14,80.56151,-0.09009
2020-07-18 11:30:15,80.55949,-0.09271
2020-07-18 12:00:13,80.5574,-0.09611
2020-07-18 12:30:14,80.55521,-0.10032
2020-07-18 13:00:15,80.55305,-0.10627
2020-07-18 13:30:16,80.55093,-0.11308
2020-07-18 14:00:14,80.54877,-0.12069
2020-07-18 14:30:15,80.54644,-0.12886
2020-07-18 15:00:13,80.54393,-0.13705
2020-07-18 15:30:14,80.5412,-0.14509
2020-07-18 16:00:15,80.53822,-0.15265
2020-07-18 16:30:16,80.5351,-0.16059
2020-07-18 17:00:14,80.53188,-0.1677
2020-07-18 17:30:15,80.52853,-0.1741
2020-07-18 18:00:13,80.52506,-0.17966
2020-07-18 18:30:14,80.52155,-0.18509
2020-07-18 19:00:15,80.51798,-0.19
2020-07-18 19:30:16,80.51436,-0.19488
2020-07-18 20:00:14,80.51076,-0.19971
2020-07-18 20:30:15,80.50723,-0.20492
2020-07-18 21:00:13,80.5038,-0.21077
2020-07-18 21:30:14,80.50057,-0.21684
2020-07-18 22:00:15,80.49764,-0.22308
2020-07-18 22:30:16,80.4949,-0.22831
2020-07-18 23:00:14,80.49232,-0.23357
2020-07-18 23:30:15,80.48994,-0.23962
2020-07-19 00:00:13,80.48773,-0.24593
2020-07-19 00:30:14,80.48575,-0.25257
2020-07-19 01:00:15,80.48402,-0.25943
2020-07-19 01:30:16,80.48247,-0.26652
2020-07-19 02:00:14,80.48103,-0.27365
2020-07-19 02:30:15,80.4796,-0.28048
2020-07-19 03:00:13,80.4782,-0.2874
2020-07-19 03:30:14,80.47672,-0.2939
2020-07-19 04:00:15,80.47509,-0.29989
2020-07-19 04:30:16,80.47328,-0.30549
2020-07-19 05:00:14,80.47127,-0.31074
2020-07-19 05:30:15,80.46906,-0.31618
2020-07-19 06:00:13,80.46669,-0.32204
2020-07-19 06:30:14,80.46419,-0.32801
2020-07-19 07:00:15,80.46156,-0.33394
2020-07-19 07:30:16,80.45884,-0.34004
2020-07-19 08:00:14,80.45602,-0.34638
2020-07-19 08:30:15,80.45322,-0.35289
2020-07-19 09:00:13,80.45052,-0.35958
2020-07-19 09:30:14,80.44796,-0.36689
2020-07-19 10:00:15,80.44545,-0.3744
2020-07-19 10:30:16,80.44304,-0.38233
2020-07-19 11:00:14,80.4407,-0.39055
2020-07-19 11:30:15,80.43842,-0.39898
2020-07-19 12:00:13,80.4362,-0.40649
2020-07-19 12:30:14,80.43414,-0.41333
2020-07-19 13:00:15,80.43208,-0.42044
2020-07-19 13:30:16,80.43008,-0.42752
2020-07-19 14:00:14,80.42811,-0.43349
2020-07-19 14:30:15,80.42616,-0.43843
2020-07-19 15:00:13,80.42421,-0.44187
2020-07-19 15:30:14,80.42204,-0.44351
2020-07-19 16:00:15,80.41968,-0.44384
2020-07-19 16:30:16,80.41718,-0.44347
2020-07-19 17:00:14,80.41448,-0.44183
2020-07-19 17:30:15,80.41147,-0.43966
2020-07-19 18:00:13,80.40813,-0.43727
2020-07-19 18:30:14,80.4045,-0.43495
2020-07-19 19:00:15,80.4007,-0.4326
2020-07-19 19:30:16,80.3968,-0.43016
2020-07-19 20:00:14,80.39288,-0.42802
2020-07-19 20:30:15,80.38895,-0.42607
2020-07-19 21:00:13,80.38508,-0.4242
2020-07-19 21:30:14,80.38132,-0.42219
2020-07-19 22:00:15,80.37762,-0.42022
2020-07-19 22:30:16,80.37429,-0.41898
2020-07-19 23:00:14,80.37117,-0.41774
2020-07-19 23:30:15,80.36835,-0.41605
2020-07-20 00:00:13,80.36613,-0.41388
2020-07-20 00:30:14,80.36419,-0.41246
2020-07-20 01:00:15,80.36266,-0.41203
2020-07-20 01:30:16,80.36125,-0.41113
2020-07-20 02:00:14,80.36002,-0.40956
2020-07-20 02:30:15,80.3587,-0.40796
2020-07-20 03:00:13,80.35752,-0.40641
2020-07-20 03:30:14,80.35631,-0.40467
2020-07-20 04:00:15,80.35485,-0.40221
2020-07-20 04:30:16,80.35319,-0.39976
2020-07-20 05:00:14,80.35143,-0.39762
2020-07-20 05:30:15,80.34955,-0.3946
2020-07-20 06:00:13,80.34727,-0.39184
2020-07-20 06:30:14,80.34465,-0.38986
2020-07-20 07:00:15,80.34174,-0.38815
2020-07-20 07:30:16,80.33855,-0.38633
2020-07-20 08:00:14,80.33511,-0.38433
2020-07-20 08:30:15,80.33133,-0.38112
2020-07-20 09:00:13,80.32752,-0.37647
2020-07-20 09:30:14,80.32355,-0.37411
2020-07-20 10:00:15,80.31968,-0.37141
2020-07-20 10:30:16,80.31558,-0.36922
2020-07-20 11:00:14,80.31178,-0.36785
2020-07-20 11:30:15,80.30817,-0.36539
2020-07-20 12:00:13,80.30484,-0.36167
2020-07-20 12:30:14,80.30165,-0.35853
2020-07-20 13:00:15,80.29852,-0.35452
2020-07-20 13:30:16,80.29536,-0.35048
2020-07-20 14:00:14,80.2925,-0.34663
2020-07-20 14:30:15,80.28963,-0.34102
2020-07-20 15:00:13,80.28658,-0.33474
2020-07-20 15:30:14,80.28326,-0.32716
2020-07-20 16:00:15,80.27973,-0.31881
2020-07-20 16:30:16,80.27605,-0.30823
2020-07-20 17:00:14,80.27206,-0.29614
2020-07-20 17:30:15,80.26768,-0.28454
2020-07-20 18:00:13,80.26292,-0.27218
2020-07-20 18:30:14,80.25797,-0.25944
2020-07-20 19:00:15,80.25249,-0.24641
2020-07-20 19:30:16,80.24651,-0.23396
2020-07-20 20:00:14,80.24033,-0.22152
2020-07-20 20:30:15,80.23408,-0.21121
2020-07-20 21:00:13,80.22775,-0.20254
2020-07-20 21:30:14,80.22134,-0.19501
2020-07-20 22:00:15,80.21487,-0.18836
2020-07-20 22:30:16,80.20872,-0.18297
2020-07-20 23:00:14,80.20303,-0.17915
2020-07-20 23:30:15,80.19765,-0.17576
2020-07-21 00:00:13,80.19247,-0.17179
2020-07-21 00:30:14,80.18774,-0.16786
2020-07-21 01:00:15,80.1834,-0.16422
2020-07-21 01:30:16,80.17979,-0.16047
2020-07-21 02:00:14,80.17644,-0.15614
2020-07-21 02:30:15,80.17344,-0.14972
2020-07-21 03:00:13,80.17044,-0.141
2020-07-21 03:30:14,80.16723,-0.1346
2020-07-21 04:00:15,80.16408,-0.12635
2020-07-21 04:30:16,80.16061,-0.11812
2020-07-21 05:00:14,80.15653,-0.1101
2020-07-21 05:30:15,80.15234,-0.10285
2020-07-21 06:00:13,80.14769,-0.09609
2020-07-21 06:30:14,80.14237,-0.08922
2020-07-21 07:00:15,80.13627,-0.08495
2020-07-21 07:30:16,80.12923,-0.08326
2020-07-21 08:00:14,80.12217,-0.08324
2020-07-21 08:30:15,80.11492,-0.0859
2020-07-21 09:00:13,80.10744,-0.09198
2020-07-21 09:30:14,80.10019,-0.09865
2020-07-21 10:00:15,80.09269,-0.10784
2020-07-21 10:30:16,80.08534,-0.11838
2020-07-21 11:00:14,80.07817,-0.12995
2020-07-21 11:30:15,80.07132,-0.14315
2020-07-21 12:00:13,80.0647,-0.15832
2020-07-21 12:30:14,80.05884,-0.17566
2020-07-21 13:00:15,80.05279,-0.19658
2020-07-21 13:30:16,80.04735,-0.21597
2020-07-21 14:00:14,80.04243,-0.23474
2020-07-21 14:30:15,80.03786,-0.25319
2020-07-21 15:00:13,80.03368,-0.27007
2020-07-21 15:30:14,80.02966,-0.28558
2020-07-21 16:00:15,80.02564,-0.29937
2020-07-21 16:30:16,80.02126,-0.31327
2020-07-21 17:00:14,80.01688,-0.32548
2020-07-21 17:30:15,80.01234,-0.33634
2020-07-21 18:00:13,80.00752,-0.34782
2020-07-21 18:30:14,80.00241,-0.35833
2020-07-21 19:00:15,79.99684,-0.37037
2020-07-21 19:30:16,79.99103,-0.38444
2020-07-21 20:00:14,79.98566,-0.39895
2020-07-21 20:30:15,79.98044,-0.41646
2020-07-21 21:00:13,79.97495,-0.4376
2020-07-21 21:30:14,79.96981,-0.46016
2020-07-21 22:00:15,79.96481,-0.4838
2020-07-21 22:30:16,79.96016,-0.50978
2020-07-21 23:00:14,79.95605,-0.53717
2020-07-21 23:30:15,79.9526,-0.56705
2020-07-22 00:00:13,79.94989,-0.59827
2020-07-22 00:30:14,79.94791,-0.62942
2020-07-22 01:00:15,79.94691,-0.66059
2020-07-22 01:30:16,79.94669,-0.6919
2020-07-22 02:00:14,79.947,-0.72322
2020-07-22 02:30:15,79.94805,-0.7529
2020-07-22 03:00:13,79.94916,-0.78066
2020-07-22 03:30:14,79.95035,-0.80685
2020-07-22 04:00:15,79.95158,-0.83147
2020-07-22 04:30:16,79.95319,-0.85559
2020-07-22 05:00:14,79.95479,-0.87755
2020-07-22 05:30:15,79.95606,-0.89912
2020-07-22 06:00:13,79.95679,-0.92058
2020-07-22 06:30:14,79.95692,-0.94262
2020-07-22 07:00:15,79.95652,-0.96694
2020-07-22 07:30:16,79.95583,-0.99234
2020-07-22 08:00:14,79.95488,-1.01938
2020-07-22 08:30:15,79.95363,-1.04668
2020-07-22 09:00:13,79.95184,-1.0762
2020-07-22 09:30:14,79.94969,-1.1081
2020-07-22 10:00:15,79.94737,-1.13804
2020-07-22 10:30:16,79.94527,-1.16806
2020-07-22 11:00:14,79.94343,-1.20161
2020-07-22 11:30:15,79.94247,-1.23896
2020-07-22 12:00:13,79.94229,-1.28246
2020-07-22 12:30:14,79.9417,-1.31956
2020-07-22 13:00:15,79.94161,-1.35063
2020-07-22 13:30:16,79.94234,-1.3808
2020-07-22 14:00:14,79.94267,-1.41015
2020-07-22 14:30:15,79.94216,-1.4383
2020-07-22 15:00:13,79.94209,-1.46062
2020-07-22 15:30:14,79.94151,-1.48287
2020-07-22 16:00:15,79.94076,-1.50301
2020-07-22 16:30:16,79.9397,-1.51646
2020-07-22 17:00:14,79.93881,-1.52839
2020-07-22 17:30:15,79.93797,-1.54206
2020-07-22 18:00:13,79.93551,-1.55142
2020-07-22 18:30:14,79.93232,-1.55896
2020-07-22 19:00:15,79.92843,-1.5665
2020-07-22 19:30:16,79.92399,-1.57778
2020-07-22 20:00:14,79.91908,-1.59056
2020-07-22 20:30:15,79.91404,-1.6023
2020-07-22 21:00:13,79.90821,-1.61232
2020-07-22 21:30:14,79.90223,-1.62371
2020-07-22 22:00:15,79.89626,-1.6354
2020-07-22 22:30:16,79.89016,-1.64795
2020-07-22 23:00:14,79.88438,-1.66542
2020-07-22 23:30:15,79.87862,-1.68357
2020-07-23 00:00:13,79.87332,-1.70049
2020-07-23 00:30:14,79.86915,-1.71766
2020-07-23 01:00:15,79.86616,-1.73491
2020-07-23 01:30:16,79.86325,-1.75157
2020-07-23 02:00:14,79.86018,-1.76835
2020-07-23 02:30:15,79.85796,-1.78386
2020-07-23 03:00:13,79.85604,-1.79952
2020-07-23 03:30:14,79.85455,-1.81397
2020-07-23 04:00:15,79.85204,-1.82883
2020-07-23 04:30:16,79.85014,-1.84111
2020-07-23 05:00:14,79.84796,-1.85249
2020-07-23 05:30:15,79.84518,-1.86224
2020-07-23 06:00:13,79.84174,-1.86951
2020-07-23 06:30:14,79.83775,-1.8738
2020-07-23 07:00:15,79.8334,-1.87873
2020-07-23 07:30:16,79.82874,-1.88448
2020-07-23 08:00:14,79.82362,-1.89018
2020-07-23 08:30:15,79.81788,-1.89601
2020-07-23 09:00:13,79.8116,-1.9029
2020-07-23 09:30:14,79.80496,-1.91191
2020-07-23 10:00:15,79.79821,-1.92341
2020-07-23 10:30:16,79.79143,-1.93685
2020-07-23 11:00:14,79.78471,-1.95105
2020-07-23 11:30:15,79.77825,-1.96688
2020-07-23 12:00:13,79.77203,-1.98293
2020-07-23 12:30:14,79.76617,-2.00006
2020-07-23 13:00:15,79.76067,-2.01727
2020-07-23 13:30:16,79.75546,-2.03379
2020-07-23 14:00:14,79.75075,-2.04843
2020-07-23 14:30:15,79.74659,-2.06267
2020-07-23 15:00:13,79.7429,-2.07415
2020-07-23 15:30:14,79.7393,-2.08311
2020-07-23 16:00:15,79.73566,-2.08981
2020-07-23 16:30:16,79.73201,-2.09431
2020-07-23 17:00:14,79.72828,-2.0962
2020-07-23 17:30:15,79.7242,-2.09579
2020-07-23 18:00:13,79.71967,-2.09409
2020-07-23 18:30:14,79.71456,-2.09048
2020-07-23 19:00:15,79.70901,-2.08676
2020-07-23 19:30:16,79.703,-2.08271
2020-07-23 20:00:14,79.69637,-2.07821
2020-07-23 20:30:15,79.68909,-2.07289
2020-07-23 21:00:13,79.68156,-2.06741
2020-07-23 21:30:14,79.67317,-2.06051
2020-07-23 22:00:15,79.66425,-2.05566
2020-07-23 22:30:16,79.65556,-2.05445
2020-07-23 23:00:14,79.64688,-2.05444
2020-07-23 23:30:15,79.6388,-2.05814
2020-07-24 00:00:13,79.63068,-2.06334
2020-07-24 00:30:14,79.62313,-2.07135
2020-07-24 01:00:15,79.6162,-2.07994
2020-07-24 01:30:16,79.60972,-2.08873
2020-07-24 02:00:14,79.60372,-2.09687
2020-07-24 02:30:15,79.59834,-2.10339
2020-07-24 03:00:13,79.59357,-2.10798
2020-07-24 03:30:14,79.5891,-2.10937
2020-07-24 04:00:15,79.58468,-2.1093
2020-07-24 04:30:16,79.58043,-2.10731
2020-07-24 05:00:14,79.57639,-2.10303
2020-07-24 05:30:15,79.57228,-2.09627
2020-07-24 06:00:13,79.56789,-2.08662
2020-07-24 06:30:14,79.56297,-2.07628
2020-07-24 07:00:15,79.5574,-2.06509
2020-07-24 07:30:16,79.55104,-2.05371
2020-07-24 08:00:14,79.54409,-2.04315
2020-07-24 08:30:15,79.53676,-2.03411
2020-07-24 09:00:13,79.52888,-2.02651
2020-07-24 09:30:14,79.52044,-2.02123
2020-07-24 10:00:15,79.51157,-2.01851
2020-07-24 10:30:16,79.50266,-2.01854
2020-07-24 11:00:14,79.49368,-2.02109
2020-07-24 11:30:15,79.48461,-2.0261
2020-07-24 12:00:13,79.47572,-2.03322
2020-07-24 12:30:14,79.46732,-2.04166
2020-07-24 13:00:15,79.45936,-2.05056
2020-07-24 13:30:16,79.45197,-2.05938
2020-07-24 14:00:14,79.44509,-2.06876
2020-07-24 14:30:15,79.43872,-2.07785
2020-07-24 15:00:13,79.43285,-2.08662
2020-07-24 15:30:14,79.42735,-2.09569
2020-07-24 16:00:15,79.42191,-2.10153
2020-07-24 16:30:16,79.41634,-2.10569
2020-07-24 17:00:14,79.41067,-2.11059
2020-07-24 17:30:15,79.40475,-2.11411
2020-07-24 18:00:13,79.39876,-2.11635
2020-07-24 18:30:14,79.3923,-2.11965
2020-07-24 19:00:15,79.38554,-2.12321
2020-07-24 19:30:16,79.37856,-2.12879
2020-07-24 20:00:14,79.37148,-2.13659
2020-07-24 20:30:15,79.36401,-2.14636
2020-07-24 21:00:13,79.35644,-2.15807
2020-07-24 21:30:14,79.34875,-2.17143
2020-07-24 22:00:15,79.34101,-2.18615
2020-07-24 22:30:16,79.33337,-2.20191
2020-07-24 23:00:14,79.3259,-2.21941
2020-07-24 23:30:15,79.31861,-2.23873
2020-07-25 00:00:13,79.31142,-2.25946
2020-07-25 00:30:14,79.30434,-2.28182
2020-07-25 01:00:15,79.29758,-2.30604
2020-07-25 01:30:13,79.29121,-2.33126
2020-07-25 02:00:14,79.28529,-2.35761
2020-07-25 02:30:15,79.27991,-2.38527
2020-07-25 03:00:13,79.27506,-2.41334
2020-07-25 03:30:14,79.27087,-2.44197
2020-07-25 04:00:15,79.26708,-2.47049
2020-07-25 04:30:16,79.26343,-2.49695
2020-07-25 05:00:14,79.26025,-2.52163
2020-07-25 05:30:15,79.25745,-2.54664
2020-07-25 06:00:13,79.2542,-2.5706
2020-07-25 06:30:14,79.25111,-2.59227
2020-07-25 07:00:15,79.24805,-2.61258
2020-07-25 07:30:16,79.24435,-2.63291
2020-07-25 08:00:14,79.24092,-2.65393
2020-07-25 08:30:15,79.23684,-2.67514
2020-07-25 09:00:13,79.23211,-2.69913
2020-07-25 09:30:14,79.22719,-2.72418
2020-07-25 10:00:15,79.22225,-2.75113
2020-07-25 10:30:16,79.2169,-2.78024
2020-07-25 11:00:14,79.21125,-2.81396
2020-07-25 11:30:15,79.20556,-2.85091
2020-07-25 12:00:13,79.20013,-2.88806
2020-07-25 12:30:14,79.19482,-2.92341
2020-07-25 13:00:15,79.18974,-2.96328
2020-07-25 13:30:16,79.18512,-3.00484
2020-07-25 14:00:14,79.18102,-3.04742
2020-07-25 14:30:15,79.17738,-3.09138
2020-07-25 15:00:13,79.17429,-3.13518
2020-07-25 15:30:14,79.1716,-3.17864
2020-07-25 16:00:15,79.16912,-3.22136
2020-07-25 16:30:16,79.16677,-3.26215
2020-07-25 17:00:14,79.16465,-3.3022
2020-07-25 17:30:15,79.16252,-3.34195
2020-07-25 18:00:13,79.16013,-3.37999
2020-07-25 18:30:14,79.15746,-3.41582
2020-07-25 19:00:15,79.1545,-3.44956
2020-07-25 19:30:16,79.15105,-3.48195
2020-07-25 20:00:14,79.14708,-3.5132
2020-07-25 20:30:15,79.14265,-3.54403
2020-07-25 21:00:13,79.13745,-3.57687
2020-07-25 21:30:14,79.1314,-3.61108
2020-07-25 22:00:15,79.12437,-3.64436
2020-07-25 22:30:16,79.11694,-3.67962
2020-07-25 23:00:14,79.10911,-3.71656
2020-07-25 23:30:15,79.10124,-3.75477
2020-07-26 00:00:13,79.0932,-3.79475
2020-07-26 00:30:14,79.08539,-3.83664
2020-07-26 01:00:15,79.07758,-3.87888
2020-07-26 01:30:16,79.06982,-3.92062
2020-07-26 02:00:14,79.06267,-3.96264
2020-07-26 02:30:15,79.05592,-4.00453
2020-07-26 03:00:16,79.04979,-4.04615
2020-07-26 03:30:14,79.04435,-4.08654
2020-07-26 04:00:15,79.03986,-4.12474
2020-07-26 04:30:13,79.0361,-4.15981
2020-07-26 05:00:14,79.03307,-4.19079
2020-07-26 05:30:15,79.03014,-4.21806
2020-07-26 06:00:16,79.02744,-4.23991
2020-07-26 06:30:14,79.02486,-4.25584
2020-07-26 07:00:15,79.02181,-4.2687
2020-07-26 07:30:13,79.01803,-4.27985
2020-07-26 08:00:14,79.01353,-4.28945
2020-07-26 08:30:15,79.00829,-4.29861
2020-07-26 09:00:16,79.00224,-4.30884
2020-07-26 09:30:14,78.99544,-4.32215
2020-07-26 10:00:15,78.988,-4.33903
2020-07-26 10:30:16,78.98006,-4.36018
2020-07-26 11:00:14,78.97202,-4.38541
2020-07-26 11:30:15,78.96396,-4.41449
2020-07-26 12:00:13,78.95599,-4.44795
2020-07-26 12:30:14,78.94824,-4.48546
2020-07-26 13:00:15,78.94101,-4.52548
2020-07-26 13:30:16,78.93449,-4.56758
2020-07-26 14:00:14,78.92881,-4.6097
2020-07-26 14:30:15,78.92388,-4.65192
2020-07-26 15:00:16,78.92027,-4.69297
2020-07-26 15:30:14,78.91772,-4.73169
2020-07-26 16:00:15,78.91584,-4.76786
2020-07-26 16:30:13,78.91443,-4.8015
2020-07-26 17:00:14,78.91363,-4.83213
2020-07-26 17:30:15,78.91332,-4.85917
2020-07-26 18:00:16,78.91322,-4.88392
2020-07-26 18:30:14,78.91315,-4.90595
2020-07-26 19:00:15,78.9129,-4.92612
2020-07-26 19:30:13,78.91238,-4.94446
2020-07-26 20:00:14,78.91153,-4.96059
2020-07-26 20:30:15,78.91026,-4.97497
2020-07-26 21:00:13,78.90849,-4.99024
2020-07-26 21:30:14,78.90604,-5.00662
2020-07-26 22:00:15,78.90312,-5.02444
2020-07-26 22:30:16,78.8998,-5.04283
2020-07-26 23:00:14,78.89624,-5.06274
2020-07-26 23:30:15,78.89244,-5.08469
2020-07-27 00:00:13,78.8885,-5.1089
2020-07-27 00:30:14,78.88465,-5.13645
2020-07-27 01:00:15,78.88108,-5.16667
2020-07-27 01:30:16,78.87801,-5.19921
2020-07-27 02:00:14,78.87571,-5.23261
2020-07-27 02:30:15,78.87418,-5.26659
2020-07-27 03:00:16,78.87328,-5.30115
2020-07-27 03:30:14,78.87295,-5.33595
2020-07-27 04:00:15,78.87318,-5.36984
2020-07-27 04:30:13,78.87418,-5.40196
2020-07-27 05:00:14,78.87585,-5.43147
2020-07-27 05:30:15,78.87789,-5.45857
2020-07-27 06:00:16,78.88026,-5.48285
2020-07-27 06:30:14,78.88283,-5.50365
2020-07-27 07:00:15,78.88531,-5.5211
2020-07-27 07:30:13,78.88754,-5.53527
2020-07-27 08:00:14,78.88956,-5.54642
2020-07-27 08:30:15,78.89112,-5.55614
2020-07-27 09:00:13,78.89203,-5.5655
2020-07-27 09:30:14,78.89228,-5.575
2020-07-27 10:00:15,78.89178,-5.58557
2020-07-27 10:30:16,78.8906,-5.59788
2020-07-27 11:00:14,78.88888,-5.61267
2020-07-27 11:30:15,78.88673,-5.6307
2020-07-27 12:00:13,78.88431,-5.65256
2020-07-27 12:30:14,78.8819,-5.67852
2020-07-27 13:00:15,78.87972,-5.70896
2020-07-27 13:30:16,78.87801,-5.74261
2020-07-27 14:00:14,78.877,-5.7785
2020-07-27 14:30:15,78.87677,-5.81563
2020-07-27 15:00:16,78.87734,-5.8535
2020-07-27 15:30:14,78.87897,-5.8904
2020-07-27 16:00:15,78.88167,-5.9259
2020-07-27 16:30:13,78.88541,-5.959
2020-07-27 17:00:14,78.89,-5.98822
2020-07-27 17:30:15,78.89507,-6.01293
2020-07-27 18:00:16,78.90052,-6.0334
2020-07-27 18:30:14,78.90612,-6.04776
2020-07-27 19:00:15,78.91153,-6.05779
2020-07-27 19:30:13,78.91663,-6.06366
2020-07-27 20:00:14,78.92119,-6.06596
2020-07-27 20:30:15,78.92504,-6.06601
2020-07-27 21:00:13,78.92812,-6.06486
2020-07-27 21:30:14,78.93031,-6.06363
2020-07-27 22:00:15,78.93163,-6.06311
2020-07-27 22:30:16,78.93212,-6.06505
2020-07-27 23:00:14,78.93168,-6.07108
2020-07-27 23:30:15,78.93075,-6.08198
2020-07-28 00:00:13,78.92959,-6.09807
2020-07-28 00:30:14,78.92838,-6.11918
2020-07-28 01:00:15,78.92731,-6.1445
2020-07-28 01:30:16,78.92672,-6.17317
2020-07-28 02:00:14,78.92679,-6.20564
2020-07-28 02:30:15,78.92772,-6.24104
2020-07-28 03:00:16,78.92966,-6.27794
2020-07-28 03:30:14,78.93264,-6.31493
2020-07-28 04:00:15,78.93673,-6.35073
2020-07-28 04:30:13,78.94183,-6.38374
2020-07-28 05:00:14,78.94772,-6.4125
2020-07-28 05:30:15,78.95416,-6.43697
2020-07-28 06:00:16,78.96093,-6.45693
2020-07-28 06:30:14,78.96799,-6.47274
2020-07-28 07:00:15,78.97501,-6.48355
2020-07-28 07:30:16,78.98184,-6.48998
2020-07-28 08:00:14,78.98823,-6.49246
2020-07-28 08:30:15,78.99393,-6.49161
2020-07-28 09:00:13,78.99879,-6.48804
2020-07-28 09:30:14,79.00272,-6.48308
2020-07-28 10:00:15,79.00568,-6.47774
2020-07-28 10:30:16,79.00767,-6.47347
2020-07-28 11:00:14,79.00872,-6.47125
2020-07-28 11:30:15,79.00895,-6.47176
2020-07-28 12:00:13,79.00851,-6.47571
2020-07-28 12:30:14,79.00758,-6.48359
2020-07-28 13:00:15,79.00632,-6.49633
2020-07-28 13:30:13,79.00504,-6.51393
2020-07-28 14:00:14,79.00404,-6.53595
2020-07-28 14:30:15,79.00356,-6.5614
2020-07-28 15:00:16,79.00378,-6.58961
2020-07-28 15:30:14,79.00476,-6.61995
2020-07-28 16:00:15,79.00661,-6.65067
2020-07-28 16:30:13,79.00944,-6.67912
2020-07-28 17:00:14,79.01325,-6.70542
2020-07-28 17:30:15,79.01791,-6.72904
2020-07-28 18:00:16,79.02317,-6.75015
2020-07-28 18:30:14,79.02882,-6.76762
2020-07-28 19:00:15,79.03464,-6.78124
2020-07-28 19:30:16,79.04045,-6.79082
2020-07-28 20:00:14,79.04607,-6.79677
2020-07-28 20:30:15,79.05133,-6.79916
2020-07-28 21:00:13,79.05613,-6.79899
2020-07-28 21:30:14,79.06023,-6.79708
2020-07-28 22:00:15,79.0636,-6.79394
2020-07-28 22:30:16,79.06615,-6.7911
2020-07-28 23:00:14,79.06783,-6.78983
2020-07-28 23:30:15,79.06879,-6.79049
2020-07-29 00:00:13,79.06915,-6.79419
2020-07-29 00:30:14,79.069,-6.80198
2020-07-29 01:00:15,79.0686,-6.81381
2020-07-29 01:30:13,79.06818,-6.8305
2020-07-29 02:00:14,79.06795,-6.85128
2020-07-29 02:30:15,79.06809,-6.87494
2020-07-29 03:00:16,79.06884,-6.90043
2020-07-29 03:30:14,79.07052,-6.92713
2020-07-29 04:00:15,79.07309,-6.9547
2020-07-29 04:30:13,79.07674,-6.98129
2020-07-29 05:00:14,79.08128,-7.00571
2020-07-29 05:30:15,79.08636,-7.02655
2020-07-29 06:00:16,79.09187,-7.04388
2020-07-29 06:30:14,79.0978,-7.05775
2020-07-29 07:00:15,79.10408,-7.06722
2020-07-29 07:30:16,79.11045,-7.0724
2020-07-29 08:00:14,79.11664,-7.07331
2020-07-29 08:30:15,79.12244,-7.07085
2020-07-29 09:00:13,79.12762,-7.06605
2020-07-29 09:30:14,79.13215,-7.06005
2020-07-29 10:00:15,79.13581,-7.05343
2020-07-29 10:30:16,79.13877,-7.04815
2020-07-29 11:00:14,79.14098,-7.04502
2020-07-29 11:30:15,79.14256,-7.04351
2020-07-29 12:00:16,79.1436,-7.04457
2020-07-29 12:30:14,79.14426,-7.04871
2020-07-29 13:00:15,79.14483,-7.05565
2020-07-29 13:30:13,79.14544,-7.0665
2020-07-29 14:00:14,79.14632,-7.08029
2020-07-29 14:30:15,79.14774,-7.0975
2020-07-29 15:00:16,79.14986,-7.11767
2020-07-29 15:30:14,79.15252,-7.13873
2020-07-29 16:00:15,79.15582,-7.15875
2020-07-29 16:30:16,79.15955,-7.17754
2020-07-29 17:00:14,79.16375,-7.19453
2020-07-29 17:30:15,79.16846,-7.20855
2020-07-29 18:00:13,79.17352,-7.21875
2020-07-29 18:30:14,79.17886,-7.22551
2020-07-29 19:00:15,79.18435,-7.22868
2020-07-29 19:30:16,79.18965,-7.22669
2020-07-29 20:00:14,79.19463,-7.22084
2020-07-29 20:30:15,79.19939,-7.21271
2020-07-29 21:00:16,79.20374,-7.20193
2020-07-29 21:30:14,79.20748,-7.18862
2020-07-29 22:00:15,79.21053,-7.17285
2020-07-29 22:30:13,79.21278,-7.15723
2020-07-29 23:00:14,79.21442,-7.14263
2020-07-29 23:30:15,79.21569,-7.1309
2020-07-30 00:00:16,79.21638,-7.11992
2020-07-30 00:30:14,79.21651,-7.11098
2020-07-30 01:00:15,79.21652,-7.10732
2020-07-30 01:30:16,79.21665,-7.10838
2020-07-30 02:00:14,79.2168,-7.11115
2020-07-30 02:30:15,79.21688,-7.11711
2020-07-30 03:00:13,79.2172,-7.12584
2020-07-30 03:30:14,79.21788,-7.13595
2020-07-30 04:00:15,79.2189,-7.14739
2020-07-30 04:30:16,79.22073,-7.16062
2020-07-30 05:00:14,79.22312,-7.1743
2020-07-30 05:30:15,79.22592,-7.18605
2020-07-30 06:00:16,79.22915,-7.19644
2020-07-30 06:30:14,79.23273,-7.20472
2020-07-30 07:00:15,79.23666,-7.20934
2020-07-30 07:30:13,79.24084,-7.21042
2020-07-30 08:00:14,79.24508,-7.20777
2020-07-30 08:30:15,79.24916,-7.20283
2020-07-30 09:00:16,79.253,-7.19475
2020-07-30 09:30:14,79.25667,-7.18556
2020-07-30 10:00:15,79.25986,-7.17619
2020-07-30 10:30:16,79.26254,-7.16645
2020-07-30 11:00:14,79.26457,-7.15628
2020-07-30 11:30:15,79.26607,-7.14683
2020-07-30 12:00:13,79.26701,-7.14005
2020-07-30 12:30:14,79.26749,-7.13462
2020-07-30 13:00:15,79.26756,-7.13202
2020-07-30 13:30:16,79.26728,-7.13183
2020-07-30 14:00:14,79.26677,-7.13439
2020-07-30 14:30:15,79.26635,-7.14089
2020-07-30 15:00:13,79.26607,-7.15105
2020-07-30 15:30:14,79.26619,-7.16193
2020-07-30 16:00:15,79.2668,-7.17442
2020-07-30 16:30:13,79.26794,-7.18715
2020-07-30 17:00:14,79.26957,-7.20004
2020-07-30 17:30:15,79.27161,-7.21196
2020-07-30 18:00:16,79.27422,-7.22187
2020-07-30 18:30:14,79.2772,-7.23022
2020-07-30 19:00:15,79.28048,-7.23663
2020-07-30 19:30:16,79.28408,-7.24048
2020-07-30 20:00:14,79.2877,-7.24116
2020-07-30 20:30:15,79.29131,-7.23967
2020-07-30 21:00:13,79.29476,-7.23635
2020-07-30 21:30:14,79.2981,-7.23013
2020-07-30 22:00:15,79.30122,-7.22207
2020-07-30 22:30:16,79.30397,-7.21271
2020-07-30 23:00:14,79.30656,-7.20293
2020-07-30 23:30:15,79.30882,-7.19231
2020-07-31 00:00:13,79.31072,-7.18051
2020-07-31 00:30:14,79.31194,-7.17039
2020-07-31 01:00:15,79.31253,-7.16386
2020-07-31 01:30:13,79.31256,-7.15957
2020-07-31 02:00:14,79.31271,-7.15763
2020-07-31 02:30:15,79.3126,-7.15794
2020-07-31 03:00:16,79.31255,-7.16002
2020-07-31 03:30:14,79.31258,-7.16436
2020-07-31 04:00:15,79.31281,-7.17217
2020-07-31 04:30:13,79.31331,-7.18243
2020-07-31 05:00:14,79.31424,-7.19417
2020-07-31 05:30:15,79.31558,-7.20574
2020-07-31 06:00:16,79.3172,-7.21704
2020-07-31 06:30:14,79.31923,-7.2276
2020-07-31 07:00:15,79.32162,-7.23596
2020-07-31 07:30:16,79.32433,-7.24178
2020-07-31 08:00:14,79.32726,-7.24559
2020-07-31 08:30:15,79.33036,-7.24696
2020-07-31 09:00:13,79.33361,-7.24542
2020-07-31 09:30:14,79.33682,-7.2418
2020-07-31 10:00:15,79.33994,-7.2366
2020-07-31 10:30:16,79.34283,-7.22966
2020-07-31 11:00:14,79.34538,-7.22127
2020-07-31 11:30:15,79.34763,-7.21239
2020-07-31 12:00:13,79.34943,-7.20383
2020-07-31 12:30:14,79.35101,-7.19535
2020-07-31 13:00:15,79.35208,-7.18734
2020-07-31 13:30:13,79.35291,-7.18039
2020-07-31 14:00:14,79.35335,-7.17518
2020-07-31 14:30:15,79.35351,-7.17232
2020-07-31 15:00:16,79.35348,-7.17142
2020-07-31 15:30:14,79.35326,-7.17322
2020-07-31 16:00:15,79.353,-7.17685
2020-07-31 16:30:13,79.35287,-7.18193
2020-07-31 17:00:14,79.35294,-7.18837
2020-07-31 17:30:15,79.35329,-7.19543
2020-07-31 18:00:16,79.35413,-7.20225
2020-07-31 18:30:14,79.35551,-7.20933
2020-07-31 19:00:15,79.35736,-7.21604
2020-07-31 19:30:16,79.35949,-7.22143
2020-07-31 20:00:14,79.36201,-7.22555
2020-07-31 20:30:15,79.36508,-7.22657
2020-07-31 21:00:13,79.36856,-7.22489
2020-07-31 21:30:14,79.37225,-7.22167
2020-07-31 22:00:15,79.37595,-7.21609
2020-07-31 22:30:16,79.37949,-7.20823
2020-07-31 23:00:14,79.3828,-7.19781
2020-07-31 23:30:15,79.38561,-7.18512
2020-08-01 00:00:13,79.38808,-7.17189
2020-08-01 00:30:14,79.39011,-7.15909
2020-08-01 01:00:15,79.39187,-7.14622
2020-08-01 01:30:13,79.39323,-7.13377
2020-08-01 02:00:14,79.39432,-7.12204
2020-08-01 02:30:15,79.39533,-7.11107
2020-08-01 03:00:16,79.3961,-7.1019
2020-08-01 03:30:14,79.39658,-7.09529
2020-08-01 04:00:15,79.39688,-7.09167
2020-08-01 04:30:16,79.39737,-7.08962
2020-08-01 05:00:14,79.39788,-7.08987
2020-08-01 05:30:15,79.39858,-7.09125
2020-08-01 06:00:13,79.39935,-7.0944
2020-08-01 06:30:14,79.4006,-7.09736
2020-08-01 07:00:15,79.40231,-7.1019
2020-08-01 07:30:16,79.40429,-7.10629
2020-08-01 08:00:14,79.40676,-7.1101
2020-08-01 08:30:15,79.40942,-7.11243
2020-08-01 09:00:16,79.41252,-7.11287
2020-08-01 09:30:14,79.41592,-7.11124
2020-08-01 10:00:15,79.41949,-7.10717
2020-08-01 10:30:13,79.42305,-7.101
2020-08-01 11:00:14,79.42654,-7.09256
2020-08-01 11:30:15,79.42986,-7.08316
2020-08-01 12:00:16,79.43288,-7.07256
2020-08-01 12:30:14,79.4356,-7.06175
2020-08-01 13:00:15,79.43803,-7.04972
2020-08-01 13:30:16,79.44,-7.03875
2020-08-01 14:00:14,79.44165,-7.02756
2020-08-01 14:30:15,79.44297,-7.01697
2020-08-01 15:00:13,79.44381,-7.00792
2020-08-01 15:30:14,79.44436,-7.00042
2020-08-01 16:00:15,79.44455,-6.99436
2020-08-01 16:30:16,79.44466,-6.9905
2020-08-01 17:00:14,79.44448,-6.98836
2020-08-01 17:30:15,79.44434,-6.98752
2020-08-01 18:00:16,79.4442,-6.98841
2020-08-01 18:30:14,79.44444,-6.99037
2020-08-01 19:00:15,79.44508,-6.99292
2020-08-01 19:30:13,79.44612,-6.99556
2020-08-01 20:00:14,79.44746,-6.99761
2020-08-01 20:30:15,79.44936,-6.99784
2020-08-01 21:00:16,79.45151,-6.9962
2020-08-01 21:30:14,79.4539,-6.99346
2020-08-01 22:00:15,79.45648,-6.98928
2020-08-01 22:30:13,79.45902,-6.98327
2020-08-01 23:00:14,79.46188,-6.97652
2020-08-01 23:30:15,79.46484,-6.96798
2020-08-02 00:00:13,79.46774,-6.95796
2020-08-02 00:30:14,79.47054,-6.9452
2020-08-02 01:00:15,79.47305,-6.93
2020-08-02 01:30:16,79.47495,-6.91528
2020-08-02 02:00:14,79.47665,-6.89979
2020-08-02 02:30:15,79.47768,-6.88438
2020-08-02 03:00:13,79.47826,-6.86997
2020-08-02 03:30:14,79.47831,-6.85739
2020-08-02 04:00:15,79.47799,-6.84625
2020-08-02 04:30:13,79.47749,-6.83735
2020-08-02 05:00:14,79.47675,-6.83183
2020-08-02 05:30:15,79.47565,-6.82879
2020-08-02 06:00:16,79.47468,-6.82948
2020-08-02 06:30:14,79.47366,-6.83271
2020-08-02 07:00:15,79.473,-6.8381
2020-08-02 07:30:16,79.47273,-6.84512
2020-08-02 08:00:14,79.47286,-6.85268
2020-08-02 08:30:15,79.47359,-6.86076
2020-08-02 09:00:13,79.47444,-6.86876
2020-08-02 09:30:14,79.47576,-6.87526
2020-08-02 10:00:15,79.47776,-6.88006
2020-08-02 10:30:16,79.48012,-6.88338
2020-08-02 11:00:14,79.48277,-6.884
2020-08-02 11:30:15,79.48566,-6.88118
2020-08-02 12:00:13,79.48882,-6.87583
2020-08-02 12:30:14,79.4922,-6.86814
2020-08-02 13:00:15,79.49549,-6.85928
2020-08-02 13:30:13,79.49872,-6.84848
2020-08-02 14:00:14,79.50157,-6.8356
2020-08-02 14:30:15,79.50388,-6.82246
2020-08-02 15:00:16,79.50552,-6.80849
2020-08-02 15:30:14,79.50678,-6.79468
2020-08-02 16:00:15,79.50768,-6.78265
2020-08-02 16:30:13,79.5081,-6.77196
2020-08-02 17:00:14,79.50844,-6.76431
2020-08-02 17:30:15,79.50897,-6.75983
2020-08-02 18:00:13,79.50969,-6.75772
2020-08-02 18:30:14,79.51093,-6.75696
2020-08-02 19:00:15,79.51215,-6.75726
2020-08-02 19:30:16,79.5135,-6.75877
2020-08-02 20:00:14,79.51525,-6.75867
2020-08-02 20:30:15,79.51744,-6.75845
2020-08-02 21:00:13,79.51967,-6.75808
2020-08-02 21:30:14,79.52222,-6.75608
2020-08-02 22:00:15,79.52513,-6.75336
2020-08-02 22:30:16,79.52845,-6.74858
2020-08-02 23:00:14,79.5322,-6.74201
2020-08-02 23:30:15,79.53635,-6.73303
2020-08-03 00:00:16,79.54061,-6.72153
2020-08-03 00:30:14,79.54485,-6.70802
2020-08-03 01:00:15,79.54899,-6.69267
2020-08-03 01:30:13,79.55284,-6.67583
2020-08-03 02:00:14,79.55645,-6.659
2020-08-03 02:30:15,79.55976,-6.64173
2020-08-03 03:00:13,79.5626,-6.62396
2020-08-03 03:30:14,79.56506,-6.60624
2020-08-03 04:00:15,79.56709,-6.58961
2020-08-03 04:30:16,79.56876,-6.57448
2020-08-03 05:00:14,79.57018,-6.56155
2020-08-03 05:30:15,79.5713,-6.55108
2020-08-03 06:00:16,79.57217,-6.54301
2020-08-03 06:30:14,79.57285,-6.53777
2020-08-03 07:00:15,79.57337,-6.53511
2020-08-03 07:30:13,79.57381,-6.53427
2020-08-03 08:00:14,79.57423,-6.53527
2020-08-03 08:30:15,79.57497,-6.53724
2020-08-03 09:00:16,79.57599,-6.53976
2020-08-03 09:30:14,79.57744,-6.54242
2020-08-03 10:00:15,79.57936,-6.5444
2020-08-03 10:30:13,79.58163,-6.54501
2020-08-03 11:00:14,79.58427,-6.54386
2020-08-03 11:30:15,79.58728,-6.54075
2020-08-03 12:00:13,79.59051,-6.53576
2020-08-03 12:30:14,79.59401,-6.52921
2020-08-03 13:00:15,79.59776,-6.52036
2020-08-03 13:30:16,79.60156,-6.50979
2020-08-03 14:00:14,79.60524,-6.49745
2020-08-03 14:30:15,79.60868,-6.48337
2020-08-03 15:00:13,79.61188,-6.46831
2020-08-03 15:30:14,79.61481,-6.4522
2020-08-03 16:00:15,79.61713,-6.43522
2020-08-03 16:30:13,79.61915,-6.41733
2020-08-03 17:00:14,79.6209,-6.3982
2020-08-03 17:30:15,79.62213,-6.38096
2020-08-03 18:00:16,79.62263,-6.36755
2020-08-03 18:30:14,79.62252,-6.35617
2020-08-03 19:00:15,79.62189,-6.34788
2020-08-03 19:30:13,79.62127,-6.34179
2020-08-03 20:00:14,79.62081,-6.33787
2020-08-03 20:30:15,79.62069,-6.33615
2020-08-03 21:00:13,79.62106,-6.33617
2020-08-03 21:30:14,79.62211,-6.33705
2020-08-03 22:00:15,79.6237,-6.33723
2020-08-03 22:30:16,79.62593,-6.33717
2020-08-03 23:00:14,79.62878,-6.33588
2020-08-03 23:30:15,79.63221,-6.33244
2020-08-04 00:00:13,79.636,-6.32598
2020-08-04 00:30:14,79.64002,-6.31731
2020-08-04 01:00:15,79.64399,-6.30574
2020-08-04 01:30:13,79.64758,-6.29155
2020-08-04 02:00:14,79.65107,-6.27563
2020-08-04 02:30:15,79.65429,-6.25917
2020-08-04 03:00:16,79.6573,-6.24196
2020-08-04 03:30:14,79.66001,-6.22527
2020-08-04 04:00:15,79.66231,-6.20889
2020-08-04 04:30:16,79.66399,-6.19287
2020-08-04 05:00:14,79.66507,-6.17823
2020-08-04 05:30:15,79.66563,-6.16625
2020-08-04 06:00:16,79.66557,-6.15688
2020-08-04 06:30:14,79.66508,-6.14998
2020-08-04 07:00:15,79.66424,-6.14609
2020-08-04 07:30:13,79.66329,-6.14575
2020-08-04 08:00:14,79.66225,-6.14849
2020-08-04 08:30:15,79.66144,-6.15359
2020-08-04 09:00:13,79.66104,-6.16062
2020-08-04 09:30:14,79.66108,-6.16902
2020-08-04 10:00:15,79.66167,-6.17715
2020-08-04 10:30:16,79.6627,-6.18388
2020-08-04 11:00:14,79.66433,-6.18858
2020-08-04 11:30:15,79.6664,-6.1903
2020-08-04 12:00:16,79.66879,-6.19018
2020-08-04 12:30:14,79.67156,-6.18834
2020-08-04 13:00:15,79.67468,-6.18351
2020-08-04 13:30:13,79.67802,-6.17553
2020-08-04 14:00:14,79.68157,-6.16466
2020-08-04 14:30:15,79.6848,-6.15065
2020-08-04 15:00:13,79.68764,-6.13603
2020-08-04 15:30:14,79.68977,-6.1212
2020-08-04 16:00:15,79.69135,-6.10637
2020-08-04 16:30:16,79.69247,-6.09099
2020-08-04 17:00:14,79.69304,-6.07632
2020-08-04 17:30:15,79.69313,-6.06285
2020-08-04 18:00:16,79.69291,-6.0509
2020-08-04 18:30:14,79.69238,-6.04151
2020-08-04 19:00:15,79.69147,-6.03449
2020-08-04 19:30:13,79.6904,-6.02983
2020-08-04 20:00:14,79.68937,-6.02659
2020-08-04 20:30:15,79.68847,-6.02509
2020-08-04 21:00:13,79.68796,-6.02516
2020-08-04 21:30:14,79.68783,-6.02569
2020-08-04 22:00:15,79.68806,-6.02613
2020-08-04 22:30:16,79.68845,-6.02812
2020-08-04 23:00:14,79.68928,-6.03082
2020-08-04 23:30:15,79.69061,-6.03333
2020-08-05 00:00:13,79.69273,-6.03499
2020-08-05 00:30:14,79.69521,-6.03499
2020-08-05 01:00:15,79.698,-6.03296
2020-08-05 01:30:13,79.70113,-6.02872
2020-08-05 02:00:14,79.70438,-6.02352
2020-08-05 02:30:15,79.70748,-6.01622
2020-08-05 03:00:13,79.71043,-6.00782
2020-08-05 03:30:14,79.71307,-5.99963
2020-08-05 04:00:15,79.71542,-5.99046
2020-08-05 04:30:16,79.71753,-5.98119
2020-08-05 05:00:14,79.7192,-5.97228
2020-08-05 05:30:15,79.72028,-5.96429
2020-08-05 06:00:16,79.72073,-5.95735
2020-08-05 06:30:14,79.7207,-5.95237
2020-08-05 07:00:15,79.72031,-5.94946
2020-08-05 07:30:16,79.71959,-5.94884
2020-08-05 08:00:14,79.71857,-5.95077
2020-08-05 08:30:15,79.71754,-5.9551
2020-08-05 09:00:13,79.71669,-5.96146
2020-08-05 09:30:14,79.71588,-5.96953
2020-08-05 10:00:15,79.71528,-5.97936
2020-08-05 10:30:13,79.71517,-5.98963
2020-08-05 11:00:14,79.71563,-6.00003
2020-08-05 11:30:15,79.71655,-6.00976
2020-08-05 12:00:16,79.718,-6.01849
2020-08-05 12:30:14,79.71995,-6.0262
2020-08-05 13:00:15,79.72228,-6.03219
2020-08-05 13:30:13,79.72488,-6.03643
2020-08-05 14:00:14,79.72775,-6.0372
2020-08-05 14:30:15,79.73058,-6.03524
2020-08-05 15:00:13,79.73331,-6.03093
2020-08-05 15:30:14,79.73581,-6.02476
2020-08-05 16:00:15,79.73811,-6.01742
2020-08-05 16:30:16,79.73997,-6.00899
2020-08-05 17:00:14,79.74151,-6.00017
2020-08-05 17:30:15,79.74261,-5.99117
2020-08-05 18:00:16,79.74333,-5.98283
2020-08-05 18:30:14,79.74358,-5.976
2020-08-05 19:00:15,79.74324,-5.97041
2020-08-05 19:30:13,79.74273,-5.96768
2020-08-05 20:00:14,79.74172,-5.96651
2020-08-05 20:30:15,79.74046,-5.96687
2020-08-05 21:00:13,79.73932,-5.96961
2020-08-05 21:30:14,79.73832,-5.97535
2020-08-05 22:00:15,79.73777,-5.98248
2020-08-05 22:30:16,79.73746,-5.99078
2020-08-05 23:00:14,79.73752,-5.99877
2020-08-05 23:30:15,79.73812,-6.00676
2020-08-06 00:00:16,79.73917,-6.01439
2020-08-06 00:30:14,79.74069,-6.02126
2020-08-06 01:00:15,79.74264,-6.02664
2020-08-06 01:30:13,79.74497,-6.02994
2020-08-06 02:00:14,79.74759,-6.03102
2020-08-06 02:30:15,79.75047,-6.02945
2020-08-06 03:00:13,79.75353,-6.02588
2020-08-06 03:30:14,79.75658,-6.02113
2020-08-06 04:00:15,79.75947,-6.01499
2020-08-06 04:30:16,79.76211,-6.00799
2020-08-06 05:00:14,79.76432,-5.99982
2020-08-06 05:30:15,79.76598,-5.99047
2020-08-06 06:00:16,79.7668,-5.98307
2020-08-06 06:30:14,79.76714,-5.97564
2020-08-06 07:00:15,79.76698,-5.96948
2020-08-06 07:30:13,79.76628,-5.9655
2020-08-06 08:00:14,79.7652,-5.96404
2020-08-06 08:30:15,79.76385,-5.96501
2020-08-06 09:00:13,79.7624,-5.96907
2020-08-06 09:30:14,79.7609,-5.9756
2020-08-06 10:00:15,79.7596,-5.98393
2020-08-06 10:30:16,79.75854,-5.99463
2020-08-06 11:00:14,79.75794,-6.00604
2020-08-06 11:30:15,79.75774,-6.01783
2020-08-06 12:00:16,79.75806,-6.02997
2020-08-06 12:30:14,79.75887,-6.04136
2020-08-06 13:00:15,79.76015,-6.05265
2020-08-06 13:30:13,79.76172,-6.0615
2020-08-06 14:00:14,79.76375,-6.06679
2020-08-06 14:30:15,79.76605,-6.069
2020-08-06 15:00:13,79.76856,-6.06847
2020-08-06 15:30:14,79.77104,-6.06565
2020-08-06 16:00:15,79.77338,-6.06092
2020-08-06 16:30:16,79.77556,-6.05475
2020-08-06 17:00:14,79.77745,-6.04679
2020-08-06 17:30:15,79.77896,-6.03842
2020-08-06 18:00:16,79.78014,-6.02992
2020-08-06 18:30:14,79.78076,-6.02165
2020-08-06 19:00:15,79.78048,-6.01377
2020-08-06 19:30:13,79.77977,-6.00732
2020-08-06 20:00:14,79.77872,-6.00281
2020-08-06 20:30:15,79.77731,-6.00082
2020-08-06 21:00:13,79.77583,-6.00136
2020-08-06 21:30:14,79.77431,-6.00459
2020-08-06 22:00:15,79.7728,-6.00993
2020-08-06 22:30:16,79.77155,-6.01765
2020-08-06 23:00:14,79.77077,-6.02648
2020-08-06 23:30:15,79.77052,-6.03615
2020-08-07 00:00:16,79.77094,-6.04597
2020-08-07 00:30:14,79.772,-6.05521
2020-08-07 01:00:15,79.77354,-6.06317
2020-08-07 01:30:13,79.77552,-6.06993
2020-08-07 02:00:14,79.77792,-6.07482
2020-08-07 02:30:15,79.78062,-6.07732
2020-08-07 03:00:13,79.78346,-6.07791
2020-08-07 03:30:14,79.78628,-6.07664
2020-08-07 04:00:15,79.78897,-6.07357
2020-08-07 04:30:16,79.79147,-6.06905
2020-08-07 05:00:14,79.79366,-6.06391
2020-08-07 05:30:15,79.79555,-6.05863
2020-08-07 06:00:16,79.79715,-6.05243
2020-08-07 06:30:14,79.79829,-6.04575
2020-08-07 07:00:15,79.79899,-6.03931
2020-08-07 07:30:16,79.79917,-6.03474
2020-08-07 08:00:14,79.79887,-6.03274
2020-08-07 08:30:15,79.79812,-6.03339
2020-08-07 09:00:13,79.79703,-6.0372
2020-08-07 09:30:14,79.79578,-6.04382
2020-08-07 10:00:15,79.7945,-6.05343
2020-08-07 10:30:16,79.79337,-6.06567
2020-08-07 11:00:14,79.79257,-6.08073
2020-08-07 11:30:15,79.79241,-6.09788
2020-08-07 12:00:16,79.79295,-6.11622
2020-08-07 12:30:14,79.79389,-6.13439
2020-08-07 13:00:15,79.79519,-6.15139
2020-08-07 13:30:16,79.79694,-6.16612
2020-08-07 14:00:14,79.79912,-6.17841
2020-08-07 14:30:15,79.8017,-6.18772
2020-08-07 15:00:13,79.80465,-6.19404
2020-08-07 15:30:14,79.80784,-6.19786
2020-08-07 16:00:15,79.81116,-6.19854
2020-08-07 16:30:13,79.81433,-6.19742
2020-08-07 17:00:14,79.81733,-6.19427
2020-08-07 17:30:15,79.81988,-6.18942
2020-08-07 18:00:16,79.82188,-6.18357
2020-08-07 18:30:14,79.82343,-6.17772
2020-08-07 19:00:15,79.82436,-6.17111
2020-08-07 19:30:16,79.8248,-6.16534
2020-08-07 20:00:14,79.82481,-6.16164
2020-08-07 20:30:15,79.82446,-6.16041
2020-08-07 21:00:16,79.82383,-6.16186
2020-08-07 21:30:14,79.82298,-6.16633
2020-08-07 22:00:15,79.82204,-6.17381
2020-08-07 22:30:13,79.82117,-6.1841
2020-08-07 23:00:14,79.82061,-6.19674
2020-08-07 23:30:15,79.82045,-6.21113
2020-08-08 00:00:16,79.82063,-6.22639
2020-08-08 00:30:14,79.82125,-6.24156
2020-08-08 01:00:15,79.82233,-6.2563
2020-08-08 01:30:16,79.82391,-6.27008
2020-08-08 02:00:14,79.82596,-6.28257
2020-08-08 02:30:15,79.82844,-6.29393
2020-08-08 03:00:16,79.83125,-6.30371
2020-08-08 03:30:14,79.83448,-6.31274
2020-08-08 04:00:15,79.83823,-6.32001
2020-08-08 04:30:13,79.84196,-6.323
2020-08-08 05:00:14,79.8457,-6.32275
2020-08-08 05:30:15,79.84932,-6.31986
2020-08-08 06:00:13,79.85272,-6.31678
2020-08-08 06:30:14,79.85567,-6.31296
2020-08-08 07:00:15,79.85811,-6.30887
2020-08-08 07:30:16,79.85999,-6.30515
2020-08-08 08:00:14,79.86115,-6.30264
2020-08-08 08:30:15,79.86164,-6.30244
2020-08-08 09:00:16,79.86156,-6.30517
2020-08-08 09:30:14,79.86108,-6.31085
2020-08-08 10:00:15,79.86028,-6.31962
2020-08-08 10:30:13,79.85952,-6.33098
2020-08-08 11:00:14,79.85913,-6.34482
2020-08-08 11:30:15,79.85854,-6.36037
2020-08-08 12:00:16,79.85795,-6.37872
2020-08-08 12:30:14,79.85781,-6.3983
2020-08-08 13:00:15,79.85824,-6.41766
2020-08-08 13:30:16,79.85925,-6.43715
2020-08-08 14:00:14,79.86073,-6.45596
2020-08-08 14:30:15,79.86277,-6.47374
2020-08-08 15:00:16,79.8653,-6.4901
2020-08-08 15:30:14,79.86826,-6.5045
2020-08-08 16:00:15,79.87161,-6.51588
2020-08-08 16:30:13,79.87507,-6.52438
2020-08-08 17:00:14,79.87862,-6.52985
2020-08-08 17:30:15,79.8821,-6.53301
2020-08-08 18:00:13,79.88506,-6.53491
2020-08-08 18:30:14,79.88744,-6.5354
2020-08-08 19:00:15,79.88929,-6.53525
2020-08-08 19:30:16,79.8906,-6.53549
2020-08-08 20:00:14,79.89136,-6.53714
2020-08-08 20:30:15,79.89165,-6.54083
2020-08-08 21:00:16,79.89153,-6.54726
2020-08-08 21:30:14,79.89116,-6.55699
2020-08-08 22:00:15,79.89061,-6.57044
2020-08-08 22:30:16,79.89008,-6.58726
2020-08-08 23:00:14,79.88973,-6.60699
2020-08-08 23:30:15,79.88975,-6.62962
2020-08-09 00:00:13,79.89017,-6.65427
2020-08-09 00:30:14,79.89098,-6.679
2020-08-09 01:00:15,79.89224,-6.70414
2020-08-09 01:30:16,79.8941,-6.72887
2020-08-09 02:00:14,79.89647,-6.75213
2020-08-09 02:30:15,79.89928,-6.77438
2020-08-09 03:00:16,79.9025,-6.79538
2020-08-09 03:30:14,79.90603,-6.81452
2020-08-09 04:00:15,79.90989,-6.83172
2020-08-09 04:30:13,79.91397,-6.84753
2020-08-09 05:00:14,79.91816,-6.86137
2020-08-09 05:30:15,79.92235,-6.87397
2020-08-09 06:00:16,79.92627,-6.88584
2020-08-09 06:30:14,79.92977,-6.89818
2020-08-09 07:00:15,79.93285,-6.90945
2020-08-09 07:30:16,79.93556,-6.92008
2020-08-09 08:00:14,79.938,-6.93179
2020-08-09 08:30:15,79.94025,-6.94574
2020-08-09 09:00:16,79.94241,-6.9621
2020-08-09 09:30:14,79.94464,-6.98084
2020-08-09 10:00:15,79.94664,-7.00126
2020-08-09 10:30:13,79.94827,-7.02141
2020-08-09 11:00:14,79.94968,-7.04356
2020-08-09 11:30:15,79.95076,-7.0668
2020-08-09 12:00:16,79.95153,-7.09107
2020-08-09 12:30:14,79.95256,-7.11561
2020-08-09 13:00:15,79.95379,-7.14103
2020-08-09 13:30:16,79.95476,-7.16484
2020-08-09 14:00:14,79.9557,-7.18883
2020-08-09 14:30:15,79.95711,-7.21195
2020-08-09 15:00:16,79.95889,-7.23467
2020-08-09 15:30:14,79.96125,-7.25902
2020-08-09 16:00:15,79.96394,-7.28432
2020-08-09 16:30:13,79.96687,-7.30965
2020-08-09 17:00:14,79.97022,-7.33273
2020-08-09 17:30:15,79.97373,-7.35325
2020-08-09 18:00:13,79.97762,-7.37201
2020-08-09 18:30:14,79.98148,-7.38759
2020-08-09 19:00:15,79.98427,-7.40215
2020-08-09 19:30:16,79.98618,-7.41278
2020-08-09 20:00:14,79.98756,-7.42376
2020-08-09 20:30:15,79.98844,-7.43647
2020-08-09 21:00:16,79.98887,-7.45147
2020-08-09 21:30:14,79.98859,-7.46794
2020-08-09 22:00:15,79.98796,-7.48833
2020-08-09 22:30:16,79.98708,-7.51189
2020-08-09 23:00:14,79.98607,-7.53821
2020-08-09 23:30:15,79.98553,-7.56825
2020-08-10 00:00:13,79.9857,-7.59949
2020-08-10 00:30:14,79.98698,-7.63075
2020-08-10 01:00:15,79.98916,-7.65889
2020-08-10 01:30:16,79.9921,-7.68327
2020-08-10 02:00:14,79.99585,-7.70394
2020-08-10 02:30:15,80.00005,-7.71934
2020-08-10 03:00:16,80.00462,-7.72903
2020-08-10 03:30:14,80.00916,-7.7342
2020-08-10 04:00:15,80.01328,-7.73385
2020-08-10 04:30:16,80.01725,-7.72959
2020-08-10 05:00:14,80.0208,-7.72093
2020-08-10 05:30:15,80.02344,-7.70973
2020-08-10 06:00:13,80.02531,-7.69642
2020-08-10 06:30:14,80.02634,-7.68301
2020-08-10 07:00:15,80.02627,-7.67016
2020-08-10 07:30:13,80.02536,-7.66056
2020-08-10 08:00:14,80.02379,-7.65515
2020-08-10 08:30:15,80.0216,-7.65433
2020-08-10 09:00:13,80.01881,-7.65898
2020-08-10 09:30:14,80.01582,-7.6688
2020-08-10 10:00:15,80.01293,-7.68429
2020-08-10 10:30:16,80.01011,-7.70412
2020-08-10 11:00:14,80.00772,-7.72832
2020-08-10 11:30:15,80.00589,-7.75572
2020-08-10 12:00:16,80.00494,-7.78555
2020-08-10 12:30:14,80.00503,-7.81535
2020-08-10 13:00:15,80.00617,-7.84421
2020-08-10 13:30:16,80.00808,-7.86925
2020-08-10 14:00:14,80.01057,-7.88961
2020-08-10 14:30:15,80.01356,-7.90367
2020-08-10 15:00:13,80.01708,-7.91391
2020-08-10 15:30:14,80.02133,-7.91978
2020-08-10 16:00:15,80.02564,-7.92029
2020-08-10 16:30:13,80.02884,-7.91579
2020-08-10 17:00:14,80.03141,-7.90487
2020-08-10 17:30:15,80.03316,-7.89278
2020-08-10 18:00:16,80.0341,-7.87796
2020-08-10 18:30:14,80.03453,-7.86205
2020-08-10 19:00:15,80.03483,-7.84886
2020-08-10 19:30:16,80.03423,-7.83861
2020-08-10 20:00:14,80.0331,-7.83032
2020-08-10 20:30:15,80.03139,-7.82625
2020-08-10 21:00:16,80.02895,-7.82551
2020-08-10 21:30:14,80.02612,-7.82993
2020-08-10 22:00:15,80.02313,-7.83958
2020-08-10 22:30:13,80.02058,-7.85391
2020-08-10 23:00:14,80.01857,-7.8734
2020-08-10 23:30:15,80.01716,-7.89636
2020-08-11 00:00:13,80.01684,-7.92285
2020-08-11 00:30:14,80.01757,-7.9466
2020-08-11 01:00:15,80.01929,-7.96733
2020-08-11 01:30:16,80.02192,-7.98878
2020-08-11 02:00:14,80.02493,-8.00588
2020-08-11 02:30:15,80.02812,-8.01919
2020-08-11 03:00:16,80.03114,-8.0274
2020-08-11 03:30:14,80.03417,-8.02772
2020-08-11 04:00:15,80.03716,-8.02477
2020-08-11 04:30:13,80.04012,-8.02107
2020-08-11 05:00:14,80.0424,-8.01544
2020-08-11 05:30:15,80.04392,-8.00818
2020-08-11 06:00:13,80.04514,-8.00024
2020-08-11 06:30:14,80.046,-7.99097
2020-08-11 07:00:15,80.04625,-7.98265
2020-08-11 07:30:16,80.04633,-7.97542
2020-08-11 08:00:14,80.04614,-7.96889
2020-08-11 08:30:15,80.04573,-7.96436
2020-08-11 09:00:16,80.04523,-7.96102
2020-08-11 09:30:14,80.04459,-7.96076
2020-08-11 10:00:15,80.04366,-7.96375
2020-08-11 10:30:16,80.0426,-7.97026
2020-08-11 11:00:14,80.04169,-7.98015
2020-08-11 11:30:15,80.04096,-7.99138
2020-08-11 12:00:13,80.04063,-8.00375
2020-08-11 12:30:14,80.04086,-8.01728
2020-08-11 13:00:15,80.0415,-8.0321
2020-08-11 13:30:16,80.04259,-8.04618
2020-08-11 14:00:14,80.04408,-8.05823
2020-08-11 14:30:15,80.04608,-8.06767
2020-08-11 15:00:16,80.04863,-8.07539
2020-08-11 15:30:14,80.05152,-8.08062
2020-08-11 16:00:15,80.0544,-8.08071
2020-08-11 16:30:16,80.05672,-8.0786
2020-08-11 17:00:14,80.05884,-8.07443
2020-08-11 17:30:15,80.06068,-8.06828
2020-08-11 18:00:13,80.06208,-8.06134
2020-08-11 18:30:14,80.06313,-8.05458
2020-08-11 19:00:15,80.06384,-8.04807
2020-08-11 19:30:13,80.06476,-8.0423
2020-08-11 20:00:14,80.06531,-8.03782
2020-08-11 20:30:15,80.06554,-8.03375
2020-08-11 21:00:16,80.06513,-8.03114
2020-08-11 21:30:14,80.06458,-8.03034
2020-08-11 22:00:15,80.06411,-8.0306
2020-08-11 22:30:16,80.06371,-8.03302
2020-08-11 23:00:14,80.06326,-8.03862
2020-08-11 23:30:15,80.06265,-8.04664
2020-08-12 00:00:16,80.06219,-8.05707
2020-08-12 00:30:14,80.06181,-8.06812
2020-08-12 01:00:15,80.06167,-8.08132
2020-08-12 01:30:16,80.06192,-8.09583
2020-08-12 02:00:14,80.06255,-8.11153
2020-08-12 02:30:15,80.06348,-8.12759
2020-08-12 03:00:13,80.06503,-8.14293
2020-08-12 03:30:14,80.06712,-8.15435
2020-08-12 04:00:15,80.06979,-8.1625
2020-08-12 04:30:13,80.07269,-8.16612
2020-08-12 05:00:14,80.07551,-8.16744
2020-08-12 05:30:15,80.07822,-8.16825
2020-08-12 06:00:16,80.08052,-8.16977
2020-08-12 06:30:14,80.0827,-8.17072
2020-08-12 07:00:15,80.08512,-8.16969
2020-08-12 07:30:16,80.08792,-8.16818
2020-08-12 08:00:14,80.09053,-8.16483
2020-08-12 08:30:15,80.09429,-8.16102
2020-08-12 09:00:13,80.09779,-8.15644
2020-08-12 09:30:14,80.10078,-8.15406
2020-08-12 10:00:15,80.1038,-8.14904
2020-08-12 10:30:13,80.10665,-8.14425
2020-08-12 11:00:14,80.109,-8.14136
2020-08-12 11:30:15,80.11069,-8.13869
2020-08-12 12:00:16,80.11191,-8.13834
2020-08-12 12:30:14,80.11285,-8.14
2020-08-12 13:00:15,80.11377,-8.14312
2020-08-12 13:30:16,80.11481,-8.14899
2020-08-12 14:00:14,80.11652,-8.15615
2020-08-12 14:30:15,80.1182,-8.16353
2020-08-12 15:00:16,80.11937,-8.17334
2020-08-12 15:30:14,80.12138,-8.18148
2020-08-12 16:00:15,80.1237,-8.18817
2020-08-12 16:30:13,80.12629,-8.19363
2020-08-12 17:00:14,80.12907,-8.19842
2020-08-12 17:30:15,80.1321,-8.20248
2020-08-12 18:00:16,80.13556,-8.20502
2020-08-12 18:30:14,80.14028,-8.20377
2020-08-12 19:00:15,80.14569,-8.20268
2020-08-12 19:30:16,80.15143,-8.19934
2020-08-12 20:00:14,80.15703,-8.19271
2020-08-12 20:30:15,80.16215,-8.1858
2020-08-12 21:00:16,80.1665,-8.17677
2020-08-12 21:30:14,80.17004,-8.1674
2020-08-12 22:00:15,80.17328,-8.15659
2020-08-12 22:30:13,80.1759,-8.14437
2020-08-12 23:00:14,80.17825,-8.13449
2020-08-12 23:30:15,80.18015,-8.12554
2020-08-13 00:00:13,80.1818,-8.11827
2020-08-13 00:30:14,80.1834,-8.11294
2020-08-13 01:00:15,80.18513,-8.11211
2020-08-13 01:30:13,80.18689,-8.11407
2020-08-13 02:00:14,80.18892,-8.11755
2020-08-13 02:30:15,80.19124,-8.1215
2020-08-13 03:00:16,80.19392,-8.12587
2020-08-13 03:30:14,80.19714,-8.13279
2020-08-13 04:00:15,80.20137,-8.13829
2020-08-13 04:30:16,80.20654,-8.13958
2020-08-13 05:00:14,80.21208,-8.13406
2020-08-13 05:30:15,80.21783,-8.12203
2020-08-13 06:00:16,80.22382,-8.1032
2020-08-13 06:30:14,80.22985,-8.08039
2020-08-13 07:00:15,80.23592,-8.04762
2020-08-13 07:30:13,80.2421,-8.0093
2020-08-13 08:00:14,80.24809,-7.96294
2020-08-13 08:30:15,80.25349,-7.91302
2020-08-13 09:00:13,80.25787,-7.86317
2020-08-13 09:30:14,80.261,-7.81258
2020-08-13 10:00:15,80.26292,-7.76122
2020-08-13 10:30:16,80.26444,-7.70996
2020-08-13 11:00:14,80.26514,-7.66388
2020-08-13 11:30:15,80.26471,-7.61888
2020-08-13 12:00:16,80.26421,-7.57877
